ID	GM12878	H1ESC	HMEC	HUVEC	HELA	IMR90	NHEK
ENSG00000176659	0.6	0	7.5	0	0	0	4
ENSG00000179676	21.5	0.05	0	0	0	0	0
ENSG00000179840	10.5	0.25	0	0	0	0	0
ENSG00000181800	14.5	2.5	0	5	0	0.15	0.6
ENSG00000184809	0	21.5	0	0	0	0	0
ENSG00000185847	0.05	13.5	0	0	0	0	0.05
ENSG00000205562	0	0.1	1.25	5.5	0	0.35	2
ENSG00000216863	17.5	0	0	0	0	0	0
ENSG00000218357	8	0	0	0	0	0	0
ENSG00000222042	13	0.35	0	0	0	0.1	0
ENSG00000223373	12	0.3	0	0	0	0.2	0.45
ENSG00000223403	0	0.2	0.25	8.5	0	8	0
ENSG00000223436	0	0	0	24	0	0	0
ENSG00000223534	30.5	0.25	0	0	0	0	5
ENSG00000223870	7.5	0.2	0	0	0	0.05	0
ENSG00000223881	19.5	0	0	0	0	0	0
ENSG00000223883	9.5	0.25	0.2	0	0	0.05	0.15
ENSG00000224101	11	11	0	14	0	0	0
ENSG00000224137	65	0	0	0	0	0	0
ENSG00000224184	23	0	0	0	0	0.1	0
ENSG00000224204	9.5	0.3	0	0.15	0	0.05	0
ENSG00000224260	0	0.05	12.5	0	0	0	10.5
ENSG00000224521	21	0	0	0	0	0	0
ENSG00000224700	0	6.25	0	0.5	0	1	1.5
ENSG00000224795	0	13	0	0	0	0	0
ENSG00000224848	0	7.5	0	0	0	0.3	0.2
ENSG00000224933	13	0.25	0.25	0	0	0.05	0
ENSG00000225007	0	0	0	7.5	0	0.2	0
ENSG00000225112	1.5	0.5	5	8.5	0	0.55	0
ENSG00000225330	0	13	0	0	0	0	0
ENSG00000225383	0	0.25	14.5	1.5	0	2	72.5
ENSG00000225519	8.5	0	0	0	0	0	0
ENSG00000225655	2	0	0.4	6	0	3	0.2
ENSG00000226252	0	0	0	7	0	0	0
ENSG00000226320	1.2	0.05	0	13.5	0	0.05	0
ENSG00000226440	0	0	0	6.5	0	0.35	0
ENSG00000226506	0	18	0	0	0	0	0
ENSG00000226508	0.05	5.5	0.25	0.05	0	0.05	0.1
ENSG00000226669	11	0.1	0	0.05	0	0.1	0
ENSG00000226673	0.55	8	0.05	0	0	0	0
ENSG00000226751	12.5	0	0	0.15	0	0	0
ENSG00000226779	329	0	0	0	0	0.25	0
ENSG00000226806	7.5	0.05	0	0	0	1.5	0
ENSG00000226859	15.5	0.05	0.3	0.05	0	0.2	0
ENSG00000227053	5	4	0.5	0.1	0	14	0.95
ENSG00000227170	0	2.6	0	0.4	0	5.5	2.5
ENSG00000227220	0	0.65	0.4	4.15	0	6.05	0
ENSG00000227466	0	0	0	0	0	5.05	0
ENSG00000227902	42	0	0	0	0	0	0
ENSG00000227920	5.5	0.2	0	0	0	0	0
ENSG00000228031	5.5	0.05	0	0	0	0.35	0
ENSG00000228139	10.5	0.35	0	0	0	0	0
ENSG00000228213	0	8.1	0	6.6	0	1.5	0
ENSG00000228222	0	27	0	0	0	1.15	0
ENSG00000228403	105.5	0	0	0	0	0	0
ENSG00000228539	0	10.5	0.25	0	0	0	0.45
ENSG00000228592	0.05	24.5	0	0	0	0	0
ENSG00000228598	27	5	0	0	0	0	1.25
ENSG00000228655	7.5	0	0	0	0	0	0
ENSG00000228888	103	0	0	0	0	0	0
ENSG00000228951	0	0.25	45	0	0	0	2.15
ENSG00000229154	9.5	0.55	0	0	0	0.1	1
ENSG00000229201	43	0	0	0	0	0	0
ENSG00000229206	2	7.35	0	18	0	0.35	3.5
ENSG00000229246	9.5	0	0	0	0	0	0
ENSG00000229255	35	0	0	0	0	0	0
ENSG00000229289	45.5	0	0	0	0	0	0
ENSG00000229335	0	34	0	0	0	0	0
ENSG00000229458	0.05	5.55	0	1.15	0	0	0
ENSG00000229546	0	8	0	0	0	0.05	0
ENSG00000229639	22.5	0	0	0	0	0	0
ENSG00000229646	0.4	8.45	0	0	0	0.1	0
ENSG00000229671	9	0	0	0.75	0	0	0
ENSG00000229751	15	1.65	0	4.35	0	2.4	0
ENSG00000229782	0	0.15	0	9.5	0	0	0
ENSG00000229976	0.2	7	0	0	0	0	0
ENSG00000230233	8.5	0	0	0	0	0	0
ENSG00000230309	0	0	0.15	7.5	0	3.5	0
ENSG00000230316	0	5.5	0	0	0	0	0
ENSG00000230322	56	5.15	0	4.1	0	0.5	1.6
ENSG00000230623	1.35	79	0.25	0	0	1.5	1.5
ENSG00000230805	0	0.15	0	6	0	0.5	0
ENSG00000230922	0	34.5	0	0	0	0	0
ENSG00000230937	6	28	209	0	0	0	419.5
ENSG00000231040	24	0.05	0	0	0	0	0
ENSG00000231132	0	14.8	0	0.2	0	7.5	0.5
ENSG00000231435	6.4	0.15	0	0	0	0	0
ENSG00000231507	9.5	0.3	0	0.2	0	0	0.3
ENSG00000231620	28	0	0	0	0	0	0
ENSG00000231621	7	0	0	0.2	0	0	0
ENSG00000231671	47	0.05	0	0.5	0	0	0.1
ENSG00000231689	0.1	26	0	0.1	0	0	0
ENSG00000231698	0	57.5	0	0	0	0	0
ENSG00000232001	7	0.1	0	0	0	0	0
ENSG00000232153	7.5	0	0	0.2	0	0	0
ENSG00000232271	474.5	0	0	0	0	0.05	0
ENSG00000232301	0	39	0	0	0	0	0
ENSG00000232591	10.5	0	0	0	0	0	0
ENSG00000232790	0.1	9.5	0	0	0	0	0
ENSG00000233096	0.45	7.65	0	6.75	0	0.2	0
ENSG00000233581	0	0	0	8	0	2.2	0.1
ENSG00000233844	36.5	1.6	0.75	0.1	0	2.6	3.5
ENSG00000233906	5.5	41.5	0.25	0.2	0	0	2.4
ENSG00000233953	0	7	0	0.1	0	0.1	1
ENSG00000233975	6.5	0	0	0.05	0	0.05	0.35
ENSG00000234184	7.5	0	0	0	0	0	0
ENSG00000234261	0	14	0	0	0	0	0
ENSG00000234286	0.9	6.5	0	1.5	0	0	0
ENSG00000234405	2	7	0.2	2.45	0	3	0.6
ENSG00000234464	14.5	0	0	0	0	0	0
ENSG00000234661	7.5	0	0	0	0	0.05	0
ENSG00000234791	0	7	0	0	0	0	0
ENSG00000234918	7.5	0	0	0	0	0	0
ENSG00000235035	0	11.15	0	0	0	0	0
ENSG00000235038	0.3	10.5	0	0	0	0	0
ENSG00000235131	6	0.6	0	0	0	0.05	0
ENSG00000235152	0	73	0	0	0	0	0
ENSG00000235215	2.5	7	0	0.15	0	0.45	0
ENSG00000235279	0	12.1	0	0	0	6.55	0
ENSG00000235300	20	0.05	0	0	0	0	0
ENSG00000235366	18	0.05	0	0.05	0	0	0
ENSG00000235403	0	6.5	0	0	0	0.55	0
ENSG00000235427	1	0	0.5	72.5	0	24	54.5
ENSG00000235518	0	7.25	0	0	0	0	0
ENSG00000235576	312	0.45	0.25	0	0	0	0
ENSG00000235688	0.05	24.45	0	0	0	0	0.15
ENSG00000236082	0	7.2	0	0	0	0.05	0
ENSG00000236094	0	22.5	0	0	0	0.35	0
ENSG00000236120	0.25	0.35	6	0	0	0	2.2
ENSG00000236333	0.05	0.65	1.85	0	0	9	0.05
ENSG00000236352	5.5	0.75	0	0	0	0.05	0
ENSG00000236372	0	8.5	0	0	0	0	0
ENSG00000236452	0.4	0	0	6	0	0.05	0
ENSG00000236635	0	70.5	0	0	0	0	0
ENSG00000237031	5.5	0.25	0	0	0	0	0
ENSG00000237087	0	16	0	0	0	0	0
ENSG00000237153	9	0	0	0	0	0	0
ENSG00000237234	0	0	0	26	0	0.55	0
ENSG00000237286	5.25	0.55	0	2.35	0	0	0.6
ENSG00000237594	3.5	5.5	1	0	0	0	0.3
ENSG00000237767	0	26.5	0	0	0	0	0
ENSG00000237798	6.5	0.4	0	0.5	0	0.1	0
ENSG00000237807	0	0.4	3.75	1.5	0	8	1.5
ENSG00000237986	3.1	6.05	0	13.65	0	0.4	2.5
ENSG00000238102	10.5	0	0	0	0	0	0
ENSG00000239268	0	1.3	0	0	0	37.5	0
ENSG00000239453	18	0	0	0	0	0	0
ENSG00000240527	6.5	0.2	0.1	0.2	0	0	0
ENSG00000241155	13.5	6.5	0.4	26.5	0	2	0.65
ENSG00000241163	11	0.6	0	0	0	0	0
ENSG00000241336	0.3	15	0	0	0	0.05	0
ENSG00000241359	0	9	0	0	0	0	0
ENSG00000241577	20.5	0	0	0	0	0.05	0
ENSG00000242741	0.45	0	0.4	0	0	0	7
ENSG00000243004	5	20.5	0.05	0	0	0	0.15
ENSG00000244302	16	2.65	0	0	0	0	0.55
ENSG00000244342	0.1	40.5	0	0	0	0	0
ENSG00000248571	1.2	0.2	0.05	1.05	0	0	8.35
ENSG00000248627	0	108	0	0	0	0.05	0
ENSG00000248629	0	0.7	0	0.45	0	8.65	0
ENSG00000248682	0	2.75	0.15	9.5	0	2.75	0
ENSG00000248701	9.1	1.55	0	0	0	0	0
ENSG00000248738	5.5	0.75	0	0	0	0	0
ENSG00000248789	10.5	0	0	0	0	0	0
ENSG00000248839	10	0.2	0	0	0	0.1	0
ENSG00000249035	0.35	0.6	0.55	9	0	7.5	0.5
ENSG00000249150	6	0.05	0	0	0	0	0
ENSG00000249152	0	73	0	0	0	0	0
ENSG00000249236	5.5	0	0	0.4	0	0	0
ENSG00000249318	16	3	0	3.9	0	0.15	0
ENSG00000249334	6	0	0	0	0	0	0
ENSG00000249421	0	25	0	0	0	0	0
ENSG00000249621	0.2	2.25	0	14	0	1.6	0
ENSG00000249717	6.5	0.3	0	0	0	0	0
ENSG00000250046	0.25	38	0	0	0	0	0
ENSG00000250579	0.1	18	1	0	0	0	0
ENSG00000250646	0	2.05	0	6	0	0	0
ENSG00000250657	0	0	11.5	0	0	36	1
ENSG00000250761	0	5.5	0	0	0	0.05	0
ENSG00000250775	9.5	0	0	0	0	0	0
ENSG00000250786	0	6	6.5	0.25	0	19.5	3.5
ENSG00000250908	0	17.85	0	0	0	0	0
ENSG00000251002	51.5	0	0	0	0	0	0
ENSG00000251027	0.2	19.5	0	0.15	0	0	0.1
ENSG00000251088	19	0	0	0	0	0	0
ENSG00000251270	0	6.15	0	0	0	0.05	0
ENSG00000251363	0.1	21	0	0.05	0	0.15	0.2
ENSG00000251456	1.95	6.5	0	16.5	0	1	0.1
ENSG00000251523	2.25	2	3.75	12.2	0	2.5	1.75
ENSG00000253125	31	0	0.2	0.05	0	0	0.05
ENSG00000253161	0	0.35	0.05	0.65	0	37.5	60
ENSG00000253230	0	41.5	0	0	0	0	0
ENSG00000253269	18	0.25	0	0.25	0	0	0
ENSG00000253388	0	0	0	0	0	2.2	8
ENSG00000253420	0	0.1	0	8	0	12.15	0
ENSG00000253456	26	0	0	0.1	0	0.25	0
ENSG00000253509	0.15	16.85	0.5	0	0	0.75	0.8
ENSG00000253576	0	4.5	0	8	0	1.2	0
ENSG00000253632	8.5	0.1	1	0	0	0.1	0.05
ENSG00000253661	0.3	0	0	0.05	0	9.5	0
ENSG00000253711	7	0.2	0	0	0	0	0
ENSG00000253746	0	0.1	0	0	0	14	26.5
ENSG00000253811	27	0	0	0.05	0	0.3	0
ENSG00000253839	10.5	0	0	0.1	0	0.05	0
ENSG00000253976	7	3.8	0	0	0	0	0
ENSG00000254141	0.1	0.4	0	12.45	0	21.7	0
ENSG00000254186	5.5	0.55	0	0	0	0	0
ENSG00000254330	27.5	0.3	0	0	0	0.05	0
ENSG00000254511	7	0	0	0	0	0	0
ENSG00000254556	7.5	8.45	2	3.65	0	0.55	2.75
ENSG00000254557	12	1	0	0	0	0	0
ENSG00000254607	6.45	0.25	0	0	0	1.25	0.1
ENSG00000254703	1.15	0.05	0.45	14.5	0	1.9	0.05
ENSG00000254705	0	5.25	0	0.05	0	0.25	0
ENSG00000254936	6	4	0.35	3.9	0	0.2	1.15
ENSG00000254938	0	0.15	0	0	0	5.15	0
ENSG00000254960	0	0.5	0	0	0	21.75	0
ENSG00000255132	40	1.5	0	0	0	0	0
ENSG00000255206	0	2.1	0	10.5	0	0	0
ENSG00000255241	1.25	1	0	0	0	0.55	5.5
ENSG00000255299	9	0.35	0.05	0.05	0	0.15	1.35
ENSG00000255317	0	1.5	0.5	0	0	23.5	1.1
ENSG00000255363	0	0	0	11.5	0	0.35	0
ENSG00000255399	0	0	0	0	0	14	0
ENSG00000255462	5.5	2.15	0.2	0.15	0	0.55	4.5
ENSG00000255666	0	65	0	0	0	0	1.5
ENSG00000255790	1.1	2.15	0	5.15	0	0.15	0.05
ENSG00000255845	9	0.25	0	0.1	0	0.05	0
ENSG00000256085	0.1	6.5	0	0	0	0	0
ENSG00000256137	0	7.5	0	0	0	0	0
ENSG00000256237	8	0.5	0	0.4	0	0	0
ENSG00000256259	6.5	0	0	0	0	0.05	0
ENSG00000256417	0.05	6	0	0.25	0	0.1	0.45
ENSG00000256988	9.5	1.2	0	0.15	0	0	0
ENSG00000257042	0	0	2.5	0.15	0	0.25	7.5
ENSG00000257925	0	0	1	0	0	0	9.5
ENSG00000258018	0.35	0.05	4	0	0	0.1	5.5
ENSG00000258268	13	0	1.5	0	0	0	0
ENSG00000258399	0.3	0.05	0.2	31	0	35.5	0.2
ENSG00000258425	0	0.1	0	8	0	0.65	4
ENSG00000258449	17.5	0	0	0	0	0	0
ENSG00000258861	0.1	0	4.5	18	0	11.5	0
ENSG00000258885	7.5	0	0	0	0	0	0
ENSG00000258954	9	0	0	0	0	0.05	0
ENSG00000259203	0	12.5	0	0	0	0	0
ENSG00000259543	0.2	26	0	0.05	0	0	0
ENSG00000259594	0.1	11	0	0	0	0	0
ENSG00000259598	52.5	0.45	0	0.15	0	0.2	0
ENSG00000259669	56	0	0	0	0	0	0
ENSG00000259721	0	0	0	0	0	8.5	0
ENSG00000259905	0.2	7	0	0	0	0	0
ENSG00000260015	0.05	5.5	0.15	0	0	0	0
ENSG00000260030	10.5	0.15	0	0	0	0	0
ENSG00000260362	0	153.5	0	0	0	0	0
ENSG00000260455	0.5	16.5	0	7.35	0	0.05	0.05
ENSG00000260469	0	15.5	0	0	0	0	0
ENSG00000260788	0	0.15	0	5.7	0	0.45	1.55
ENSG00000260922	0.15	0.8	0	7	0	0	0
ENSG00000260930	0.05	7.65	0	0	0	0	0
ENSG00000261030	5.5	0	0	0.1	0	0	0
ENSG00000261092	0	0.1	0.5	0	0	0.05	5.95
ENSG00000261249	15	0	0	0	0	0	0
ENSG00000261379	0	0	0.15	0	0	8.5	0.05
ENSG00000261520	54.5	11.4	0	0	0	0	0
ENSG00000136275	0	0	0	0.55	0.05	25	0
ENSG00000176728	0	5.5	0	3.5	0.05	0	0
ENSG00000185433	68.5	0	0	0	0.05	0.1	0.05
ENSG00000223511	8	0.55	0	2	0.05	0	0.75
ENSG00000224729	0	6.5	0.05	0	0.05	0.55	0
ENSG00000225206	0	0	0.2	8	0.05	6	0.7
ENSG00000225216	0	4.2	1.2	18	0.05	2.15	1.5
ENSG00000227486	10.5	2	0.5	0.85	0.05	0.25	0.45
ENSG00000228073	0.2	1.1	0	6.3	0.05	7.9	0.15
ENSG00000228262	7.5	0.25	0	0	0.05	0	0
ENSG00000228939	0.1	3.25	0.15	9.95	0.05	2	0.5
ENSG00000229162	45	0.15	0	0	0.05	0	0.1
ENSG00000229271	0.25	18	0.15	0	0.05	0	0
ENSG00000229297	7	0.5	0	0	0.05	0.05	0
ENSG00000229918	0.05	0.5	0	15.45	0.05	0.4	3.2
ENSG00000230630	0.1	0.25	0	1.5	0.05	5.5	0.05
ENSG00000230838	0.5	0.25	0	90	0.05	2.5	0
ENSG00000231758	22.5	0	0	0	0.05	0	0
ENSG00000232325	0.05	15	0.25	0	0.05	0.2	0
ENSG00000233290	15	0.15	0	0.05	0.05	0	0
ENSG00000234091	5.35	3.7	0.15	14.5	0.05	1	0.55
ENSG00000234323	10	0.25	0.1	0.05	0.05	0	0.55
ENSG00000234626	0	0.65	0	14.5	0.05	0.05	0
ENSG00000235590	0.75	7	0.15	0.05	0.05	0.6	0.35
ENSG00000236304	0.1	0.3	0	6.5	0.05	0.45	0
ENSG00000236336	0	5.25	0	0.05	0.05	0	0
ENSG00000236453	9.5	0.1	0.35	0.05	0.05	1.5	0
ENSG00000236703	8.5	1.5	0	0	0.05	0.05	0
ENSG00000236790	17.5	0.25	0	0.05	0.05	0.05	0
ENSG00000237359	6.5	0.3	0	0	0.05	0.1	0
ENSG00000237372	10	2	0	0	0.05	0	0
ENSG00000241666	8.5	0.05	0	0.1	0.05	0	0
ENSG00000242268	12.5	0.5	0	0	0.05	0.15	0
ENSG00000243694	6	0	0	0	0.05	0.05	0
ENSG00000246528	7.5	0.75	0	0.1	0.05	0	0
ENSG00000248152	6.1	12	0	0	0.05	0	0.15
ENSG00000248202	5.5	0.05	0	0.6	0.05	0.3	0.1
ENSG00000248890	1.4	0.5	1	63.5	0.05	9.5	0.25
ENSG00000249406	0	10	0	0.1	0.05	2.2	0.05
ENSG00000250072	0	0.05	5.5	0.15	0.05	0.3	4
ENSG00000250331	8	0	0.1	0.05	0.05	0.3	0
ENSG00000250488	0	0.25	0	0	0.05	0	5.9
ENSG00000250532	0	0	5.5	0	0.05	0	20.5
ENSG00000250994	0	6.5	0.1	0	0.05	1.5	0.05
ENSG00000251533	0.25	5.5	0	0	0.05	0	0
ENSG00000253766	0.1	0.45	0.1	0	0.05	0	5.5
ENSG00000254499	0	0	0	5.5	0.05	0	0
ENSG00000255310	12	14	2.1	5	0.05	4.5	4
ENSG00000255794	0.3	36	0	0	0.05	0	0
ENSG00000255847	0.4	7	0	0.1	0.05	0	0
ENSG00000258077	0.55	0.15	2	0.4	0.05	0.35	18
ENSG00000258537	0	0	3.5	0.55	0.05	1.1	7.95
ENSG00000259081	0.3	0.7	0	8	0.05	1.35	0
ENSG00000259481	0	10	0.15	10.25	0.05	1.55	1.5
ENSG00000259807	4.2	0.55	0	7	0.05	87	0
ENSG00000260244	12.5	0	0.05	0.75	0.05	0.1	0
ENSG00000260517	0.55	0.1	0	0.65	0.05	5.5	0
ENSG00000260760	0.6	12.5	0	0	0.05	0	0
ENSG00000260910	0	0	0.15	0.35	0.05	8	0.15
ENSG00000260940	0.05	0.15	0	5.5	0.05	0.25	0
ENSG00000261175	0.05	2.5	1.3	5.5	0.05	0.15	0.05
ENSG00000261409	0.2	7.5	0	0.05	0.05	0	0.05
ENSG00000261410	0	0.25	0.1	7.85	0.05	0.55	3.65
ENSG00000261416	8.5	0.1	0.25	0	0.05	0.05	0
ENSG00000261448	5.5	4.15	0	0.05	0.05	0.6	2.5
ENSG00000197934	0.2	5.25	0.1	3.25	0.1	0	0.3
ENSG00000223751	0	5.5	0.35	0	0.1	0.25	0
ENSG00000226005	0.5	0.25	1.5	1	0.1	0.2	20.5
ENSG00000227574	0	0	0	6.5	0.1	0.25	0.3
ENSG00000228318	21.5	0.1	0	0.15	0.1	0.05	3
ENSG00000228577	6	5	0	2.5	0.1	1.7	0
ENSG00000229191	0.5	20	0	0.15	0.1	0	0
ENSG00000231134	0	9.5	0	3	0.1	1.15	0.3
ENSG00000234577	0.6	0	1	0.55	0.1	6.75	0.25
ENSG00000236098	0	0	2.5	8	0.1	1.25	3
ENSG00000237520	9.5	0	0	0.1	0.1	0.15	0
ENSG00000237548	0.2	0	1.5	1.95	0.1	0.45	5.5
ENSG00000237870	0.25	0.05	0.15	22	0.1	3	0.3
ENSG00000237923	0	61	0	0	0.1	0	0.35
ENSG00000238178	7.5	39	0.05	0.2	0.1	13	0
ENSG00000248131	0.05	22.5	0	0.15	0.1	0	0
ENSG00000249364	0.05	7.25	0	0.1	0.1	0	0
ENSG00000249835	0	8	0	0.15	0.1	1.6	0
ENSG00000250320	0.05	6.5	0	0.3	0.1	4	0.1
ENSG00000253553	0.15	6.5	0	1.2	0.1	0.3	0.05
ENSG00000253853	17.5	0	1	0.05	0.1	0.45	0
ENSG00000254365	0	12	0	0	0.1	0	0
ENSG00000254526	0	0.1	0	5.05	0.1	3.95	0
ENSG00000257225	1.7	2.65	0.1	7.2	0.1	1.65	0.65
ENSG00000257284	22.5	0	0	0	0.1	0	0
ENSG00000258609	0.65	18.5	1	0.05	0.1	0.05	0.65
ENSG00000258976	0.25	0	5	3	0.1	1.5	5.5
ENSG00000259003	8	0.3	0	0	0.1	0.1	0.15
ENSG00000259702	15.5	0	0	0	0.1	0	0
ENSG00000205786	7.5	0.15	0.05	0.15	0.15	0	0
ENSG00000224565	18.5	0	0	0	0.15	0.05	0.15
ENSG00000227050	0.35	10	0	0	0.15	0	0
ENSG00000229647	1.25	0.45	116.5	0.2	0.15	10	58.5
ENSG00000233817	0.05	0.4	0.15	8	0.15	1.4	0
ENSG00000234352	0.2	1.15	0	0.2	0.15	11.7	0.05
ENSG00000236668	11.5	0	0	0	0.15	0	0
ENSG00000248936	0.5	0.75	0.1	6.5	0.15	0.55	0.4
ENSG00000249069	30	0.15	0	0.15	0.15	0	0.1
ENSG00000249373	25.85	42.5	0	0	0.15	0.1	0.5
ENSG00000250831	8.5	0	0	0	0.15	0	0
ENSG00000254545	0.05	0.45	0.35	5.5	0.15	16.5	1.5
ENSG00000256271	0.15	5.5	0	0.5	0.15	0.35	0
ENSG00000256568	7.5	0	0	0	0.15	0	0
ENSG00000258935	0	3.1	0	5.5	0.15	0.4	1.1
ENSG00000214870	0.3	4	0.05	7	0.15	0	0
ENSG00000225783	2.5	33	0.15	0.35	0.15	0.75	0.2
ENSG00000226445	0.05	0.8	1.4	0.8	0.15	3.5	8
ENSG00000228401	0	0	0	8.5	0.15	0	0
ENSG00000229056	0.65	0.35	0.5	11.5	0.15	2.5	0.15
ENSG00000229989	9.5	0.2	0.1	21	0.15	3.65	3.85
ENSG00000230065	0	0	0	7	0.15	2.3	0
ENSG00000230798	0	55	0	0.05	0.15	0	0
ENSG00000233818	0.35	0.05	0.45	33	0.15	0.4	2
ENSG00000235531	13	0.35	1.6	0	0.15	7	0.1
ENSG00000249675	1.3	23.5	0	0	0.15	0	0.05
ENSG00000251301	31	0.1	0.2	0.05	0.15	0.1	0.1
ENSG00000253263	8	4.5	0	2.5	0.15	0.35	0.2
ENSG00000257219	0	2	8	35	0.15	11.5	12.5
ENSG00000258308	28	0	0	0.05	0.15	0.05	0
ENSG00000175746	0.05	0.4	0.05	18.5	0.2	0.75	1.15
ENSG00000203809	0	8	0	0	0.2	0	0
ENSG00000205682	0.3	8.95	0.2	0.45	0.2	0.3	0.3
ENSG00000226438	2.6	2.05	0	7.2	0.2	1.55	3.6
ENSG00000227017	5.5	1.15	0	0.4	0.2	0.3	0
ENSG00000227188	14	4.3	0	0.1	0.2	0.25	0
ENSG00000230107	25	0.8	0.35	0	0.2	0.1	0
ENSG00000231756	12.5	4.5	0	5.2	0.2	4.05	0
ENSG00000232949	0	1.5	0	14.5	0.2	0.5	0
ENSG00000233236	10	0	0	0.2	0.2	0	0
ENSG00000235419	41	0	0.8	1.8	0.2	1.3	3.5
ENSG00000238121	6.5	0.3	0.15	0.8	0.2	0.05	0.4
ENSG00000248254	6	0.35	0.3	1.1	0.2	2.5	2.5
ENSG00000248475	5.5	0.7	0	0.4	0.2	0.05	0.05
ENSG00000249175	6.5	0	0	26	0.2	0	0.15
ENSG00000250155	42.5	1.4	0	0	0.2	0	0.1
ENSG00000253357	0	6	0.25	0	0.2	0.15	0
ENSG00000253641	9.5	1.4	0	1.2	0.2	0.4	0.55
ENSG00000253836	0	11.5	0	0.3	0.2	0	0
ENSG00000257477	5	0.15	0	11	0.2	0.1	0
ENSG00000258240	0.6	5.5	0	0.3	0.2	0.05	0.05
ENSG00000259954	9	0.15	0.1	0.3	0.2	0.05	0.05
ENSG00000260971	5.5	1.1	0	0.3	0.2	0.25	0
ENSG00000196668	4.5	6	4	0.05	0.25	0.4	2.5
ENSG00000203706	0	0.45	4	14	0.25	0.55	1.5
ENSG00000205056	6.5	0.5	0	0.35	0.25	0	0.2
ENSG00000214548	0.6	0.15	4.35	121	0.25	113	0.7
ENSG00000223458	0.45	0.15	0	1	0.25	12	0
ENSG00000224376	16.5	0.9	0.1	0.55	0.25	0.2	0.05
ENSG00000225938	0.3	1.4	1	18.5	0.25	1.35	0.25
ENSG00000226425	0	0.65	0	7	0.25	0.35	0
ENSG00000230943	38	0	1.5	0.25	0.25	0.15	13.5
ENSG00000230969	13	0	0	0	0.25	0.05	0
ENSG00000232759	0	0.5	0.3	13.5	0.25	0.75	0.35
ENSG00000237978	3.5	6	0.1	0.25	0.25	0.15	0
ENSG00000249545	5.3	0.5	0	25.5	0.25	0	0
ENSG00000253837	0.75	0.65	0.9	5.5	0.25	5.5	0.7
ENSG00000254297	0.15	20.5	0	0.05	0.25	0.05	0
ENSG00000254340	0.05	3.9	0.1	11	0.25	0.65	1
ENSG00000254510	0.05	7	0	0	0.25	1.7	0
ENSG00000254934	1.05	921.5	0	0.5	0.25	0.3	0.25
ENSG00000257277	9	0.15	0	0.1	0.25	0	0
ENSG00000258088	0.1	0.3	2.5	0.05	0.25	0.45	34.5
ENSG00000261265	0.05	5.4	0	2.15	0.25	0	0
ENSG00000173862	0.2	4.75	0	6	0.3	0.1	0.25
ENSG00000180712	246	0.7	0.15	0.45	0.3	0.15	0.4
ENSG00000224821	0	2.4	1.65	13.5	0.3	1.45	0.55
ENSG00000224973	2.05	8	0	0.3	0.3	0.2	1.05
ENSG00000225269	0	0	0.45	21	0.3	0.3	5
ENSG00000229891	0.3	14	0.3	0	0.3	0.1	0.1
ENSG00000230479	0.25	0	0.2	36.5	0.3	0.35	0.5
ENSG00000234273	0.2	15	0	0	0.3	0	0
ENSG00000236849	0.1	0.1	0	6.5	0.3	0	0
ENSG00000237181	18.5	0.55	0	3.5	0.3	0.1	0
ENSG00000237525	0.55	0.05	0.05	25.5	0.3	0.15	0.1
ENSG00000242258	76.5	0.4	0.05	0.25	0.3	0	0
ENSG00000248335	0.6	0.15	0	6.65	0.3	0.3	0.5
ENSG00000254542	0.65	6.8	0	3.35	0.3	0.65	0
ENSG00000254854	1.5	5.5	3	0.5	0.3	0.15	1
ENSG00000255400	0.05	0	4	11.2	0.3	28	18.5
ENSG00000261121	0.1	9	0.05	0.55	0.3	0	0.2
ENSG00000261573	34	0	0	0	0.3	0.1	0
ENSG00000224459	0	0.05	0	17	0.3	0.15	0
ENSG00000226702	0.05	0	0	38.5	0.3	0	0
ENSG00000231829	0.65	10.5	0	0.6	0.3	0.15	0.5
ENSG00000248388	0	0.2	0.15	3	0.3	6.8	1.9
ENSG00000250421	0.4	8	0	0.6	0.3	0.2	0.4
ENSG00000227719	9.5	9	0	22	0.35	0.1	0.45
ENSG00000229839	14.5	0.35	0.1	0.6	0.35	0.6	0.2
ENSG00000230735	3.5	0.3	0	6	0.35	1.2	0.3
ENSG00000230782	6.2	14.9	1.55	3.55	0.35	1	2.55
ENSG00000231298	0	0	32.5	74	0.35	2	47.5
ENSG00000234961	0.6	0.1	1.85	13.5	0.35	6.5	0
ENSG00000244063	11.5	0.25	0	0.1	0.35	0.15	0.1
ENSG00000248103	0.25	13	0	0.7	0.35	0.2	0
ENSG00000250742	0.75	0.4	15.5	0.65	0.35	0.15	9.5
ENSG00000255367	1	8.5	0	0.35	0.35	0.05	0
ENSG00000256101	2	7	0	0.1	0.35	0	0.1
ENSG00000256262	8	0.3	0.1	0.65	0.35	0.25	0.2
ENSG00000256564	15	10	1	1.95	0.35	1.35	0
ENSG00000258177	1.5	0.15	0.15	9.5	0.35	1.65	0.2
ENSG00000258696	0.15	6	0	0	0.35	0.1	0
ENSG00000259070	0.1	0.5	0.05	6	0.35	0	0.3
ENSG00000259178	7	0	0.5	0	0.35	0	4
ENSG00000258602	26	0.55	6	3	0.4	1.5	5
ENSG00000226169	0	10.5	0	0	0.4	0	0
ENSG00000228437	0	6.5	0.2	0	0.4	0	0.1
ENSG00000228495	0.4	0.7	0.15	58	0.4	0.45	0.15
ENSG00000234883	960	0.6	0.05	3.5	0.4	6.5	0.6
ENSG00000236404	0.25	6	0.2	0.15	0.4	0.4	0.25
ENSG00000248445	7	10.5	0.05	0.55	0.4	0.35	0.3
ENSG00000250234	0	0.4	0	21	0.4	1.4	0
ENSG00000251513	6.5	0.15	0.05	0.05	0.4	0.55	0.05
ENSG00000255496	0.15	1.65	0	1.1	0.4	16	0
ENSG00000215866	1.35	33.5	0.05	2	0.45	0.2	0.3
ENSG00000228613	0	15.5	0	0.3	0.45	0.2	0
ENSG00000230694	16.45	15.85	0	11.65	0.45	8.1	1
ENSG00000231794	5.5	0.45	0.65	0.4	0.45	0.6	1.25
ENSG00000234997	1.15	0.15	1	0.1	0.45	0.5	9
ENSG00000247774	5.5	0.35	0.65	0.55	0.45	0.1	0.75
ENSG00000249806	9.5	0.25	1.5	0.05	0.45	0.15	4.5
ENSG00000250541	2	2.15	0	5.5	0.45	0.35	0.95
ENSG00000257438	0	1.55	0	6.8	0.45	0.65	1.2
ENSG00000261534	0.05	0.25	3	3.5	0.45	1.05	10
ENSG00000226363	0	0	0	10.5	0.45	0	0
ENSG00000228857	9	0	0.5	0.2	0.45	0.3	0.2
ENSG00000234740	0	3.5	0.3	5.5	0.45	3	1.2
ENSG00000236358	6	0	0	0	0.45	0	0.35
ENSG00000236935	8	0.5	0.1	0.05	0.45	0	0.05
ENSG00000240476	0.1	0	16.5	1	0.45	9.5	12
ENSG00000243230	0.6	12	0.35	1.9	0.45	2.5	1.4
ENSG00000248268	12.5	2.5	0	1.2	0.45	1.05	0.35
ENSG00000249304	0.1	0.55	0.3	21.5	0.45	14.5	4.5
ENSG00000249669	0.45	0.3	0.1	0.2	0.45	7.5	0.15
ENSG00000254319	11	0.1	0.15	0.3	0.45	0.5	0.05
ENSG00000256268	0	0.05	10.5	4	0.45	18	14
ENSG00000258272	0	0	0	14.5	0.45	0.1	0.35
ENSG00000258690	1.25	6	0	2.1	0.45	0.25	0.1
ENSG00000258943	0.4	0.2	0.15	12	0.45	0.1	0.1
ENSG00000259863	0.05	0.05	0	2.5	0.45	5.5	0
ENSG00000203434	5.5	0.5	0	0.5	0.5	0	0.25
ENSG00000223462	6	0.7	0	1.65	0.5	0.6	0
ENSG00000224592	0.4	7.5	7	0.15	0.5	0.2	4
ENSG00000226441	6	3.5	0	2	0.5	0.45	0
ENSG00000226904	4.5	0.1	1.5	1.35	0.5	0.2	15.5
ENSG00000227039	19.5	0.15	0.5	0.25	0.5	0	0.3
ENSG00000227248	0.1	6.25	0	6.75	0.5	6.6	0
ENSG00000227481	0.25	25	0	9	0.5	0.05	0.5
ENSG00000227502	25.5	0.2	0.05	0.65	0.5	0.25	0.15
ENSG00000227660	30	11.7	0	0.15	0.5	1.05	0.45
ENSG00000228648	0	18	0	0	0.5	0	0
ENSG00000232082	0.2	2.5	1.35	9	0.5	1	1.9
ENSG00000233393	1.15	20	0.05	0.6	0.5	0.05	0.7
ENSG00000233834	76.5	7.5	0	0	0.5	0.15	1.8
ENSG00000234026	1.1	11	0.25	1.15	0.5	0.2	2.15
ENSG00000234174	15	0.15	0.15	0	0.5	0	2.05
ENSG00000234546	1.5	3	5.4	5.5	0.5	3.5	3
ENSG00000235621	6	0.2	0	0	0.5	0	0
ENSG00000235770	1.45	0.55	0.1	107	0.5	0.9	0.35
ENSG00000235772	4	5.5	4.45	1.25	0.5	0.1	0.4
ENSG00000240240	8	0.4	0	2.75	0.5	0.05	1.05
ENSG00000242082	0	6	0	4	0.5	0	0
ENSG00000245080	5.5	0.55	0	0.4	0.5	0.05	0.55
ENSG00000250519	0.4	10.5	0.1	0.05	0.5	0.3	6
ENSG00000250698	0.2	1	0	7.25	0.5	1	0.1
ENSG00000253187	0	0	0	5.5	0.5	0	0.5
ENSG00000253507	0.6	99.5	0.05	0.3	0.5	0.05	0.05
ENSG00000253838	0	40	0	0	0.5	0	0
ENSG00000254197	1.6	5.6	0	5	0.5	0.15	0
ENSG00000257242	19.5	0.4	0.05	0.7	0.5	0.5	0.65
ENSG00000258035	6	0.5	0	0	0.5	0	0
ENSG00000258437	0	1.55	0.1	6.3	0.5	0.5	0.5
ENSG00000259134	9	0.95	1.05	1	0.5	0.1	0.55
ENSG00000259432	0	26	0	2.65	0.5	3.15	0
ENSG00000259876	7	0.55	0	1.2	0.5	0.55	0.65
ENSG00000261848	1	5.5	0.15	1	0.5	0.05	0.3
ENSG00000204055	0.1	6.5	0.15	0.35	0.55	0.2	0.1
ENSG00000215022	5.5	2.5	0.05	1.5	0.55	0.25	0.5
ENSG00000224525	1.15	15.5	1.5	0.65	0.55	0.15	4.4
ENSG00000226091	1.45	13.5	0.1	0.5	0.55	0.25	0.55
ENSG00000234787	1.1	44	0.05	0.55	0.55	0.1	0.15
ENSG00000242396	1.5	1	6	0.5	0.55	3.3	0.45
ENSG00000249310	0.6	7.5	0.1	0.65	0.55	0	0.15
ENSG00000254248	5.5	1.05	0	0.55	0.55	0	0.05
ENSG00000254760	3.5	11.5	0	0.25	0.55	0.1	0
ENSG00000258082	11.5	0.1	0	2.75	0.55	0.55	0.2
ENSG00000261394	6.5	1.5	1.6	3.7	0.55	0.1	1.5
ENSG00000167912	0	10.5	0	5	0.6	2.25	0.2
ENSG00000177822	0	6	5.5	0.05	0.6	4	2
ENSG00000182648	3	6	0.6	4.5	0.6	2.3	0.2
ENSG00000203386	24	1.1	0.05	0.85	0.6	0.1	0.25
ENSG00000223442	5.5	1.25	0.2	0.45	0.6	0.6	0.75
ENSG00000226053	0.75	0.35	0.05	6.5	0.6	1.5	0.45
ENSG00000228427	14	0.5	0.15	0.3	0.6	0	0
ENSG00000228944	0	6.5	0	0	0.6	0	0
ENSG00000229109	0	0.55	0.45	5.5	0.6	0.05	0.1
ENSG00000231826	0.25	0.25	54.5	0.35	0.6	0.1	40.5
ENSG00000232104	31.5	2	0.7	0.6	0.6	0.65	0.25
ENSG00000232480	1	2	10.35	21.5	0.6	4	4
ENSG00000234290	8.5	0.2	0	0.9	0.6	0.4	0.35
ENSG00000236212	0.15	5.45	0	0	0.6	0	0
ENSG00000236977	16.5	0.6	0	0.5	0.6	0.5	0
ENSG00000241213	0.7	3.45	0.15	0.8	0.6	7.6	0.55
ENSG00000250906	2.5	7	0.4	13.5	0.6	1.8	3.5
ENSG00000254951	1.15	2.5	1.05	1.4	0.6	1.35	6.5
ENSG00000259532	0.05	0.4	0	2.2	0.6	8	0
ENSG00000260586	0	4.3	4.5	4.5	0.6	1.7	14
ENSG00000249417	0.05	0.7	0	0.15	0.6	10.5	1.6
ENSG00000257084	1.2	1	2	0	0.6	0.05	9.5
ENSG00000260616	5.5	0.3	0.1	0.5	0.6	1	0.25
ENSG00000232788	0.4	1.65	1.05	1.75	0.65	0.45	8
ENSG00000185904	0.9	0.55	12	5.5	0.65	4	2
ENSG00000225205	8	4.5	3.5	2.5	0.65	2.5	6
ENSG00000227533	1.5	5.5	0.5	1.45	0.65	1.5	2.5
ENSG00000230747	5.5	3	0	0.35	0.65	0.15	0
ENSG00000235629	5.5	0.45	0	0.45	0.65	0.25	0.45
ENSG00000239552	1.5	0	0.1	8	0.65	8	0.15
ENSG00000244586	0.3	0.95	1.9	0.05	0.65	10.5	0.75
ENSG00000245479	9.5	0.25	0.1	0.3	0.65	0.2	0.15
ENSG00000249096	8.5	1.4	0.15	1.3	0.65	0.5	1.15
ENSG00000254539	0.8	7	1.5	3	0.65	6.5	3
ENSG00000255471	0	1.15	0.05	11.5	0.65	0.7	0.55
ENSG00000261327	0.7	0.55	0.1	0.85	0.65	12	0.2
ENSG00000224220	76	5.4	0	0.8	0.7	0.15	1
ENSG00000226375	2	0.4	0	6.2	0.7	0.45	0
ENSG00000226397	13.5	0.65	0.05	0.75	0.7	0.05	0.25
ENSG00000229955	3	5.75	0	0.75	0.7	1.15	0.35
ENSG00000231412	0.5	20	0	0.15	0.7	0.25	0.3
ENSG00000232878	16.5	0	0.05	2.1	0.7	1.65	0.05
ENSG00000235246	0.35	2.8	0	6.5	0.7	0.5	1.75
ENSG00000237399	1.45	0.65	0.8	6	0.7	2	1.35
ENSG00000245311	7	1.75	0.1	1.75	0.7	0.5	1
ENSG00000248228	0	2.6	0	8.25	0.7	8.1	0.5
ENSG00000248605	1.45	53.5	0.1	1.7	0.7	0.2	1.2
ENSG00000248790	5.5	5.5	0	0	0.7	0.1	0.5
ENSG00000250328	0.3	28	0.5	1.1	0.7	0.45	0.05
ENSG00000251076	0.05	1	0	5.15	0.7	0	1.7
ENSG00000251687	4.3	74	0	1.9	0.7	0.6	0.6
ENSG00000253633	22.5	4.4	0	0.35	0.7	1	0
ENSG00000254339	0.25	567.5	0	0.05	0.7	0	0.2
ENSG00000257681	1.45	1.5	1.5	0.3	0.7	1.35	7
ENSG00000258843	8	1	0	1.1	0.7	1.5	0
ENSG00000259255	22.5	0	0	0	0.7	0	0
ENSG00000260401	0.05	1	23	2.5	0.7	0	3
ENSG00000261618	9.5	0.05	0	0	0.7	0	0
ENSG00000229666	0	1.45	1	28	0.75	0.65	3.5
ENSG00000230091	1.3	6	0.5	0.65	0.75	0.35	0.85
ENSG00000230300	9.5	0.25	0.15	3.15	0.75	6.8	0
ENSG00000230826	5.5	1	0	0.55	0.75	0.5	0.15
ENSG00000233521	0.95	0.75	0.05	9	0.75	1.75	0.3
ENSG00000233693	0	7.8	0	2.5	0.75	0.4	0.15
ENSG00000237596	0.1	0	0	8.45	0.75	1.05	0
ENSG00000237638	33.5	0.8	0.45	1.45	0.75	0.05	0.75
ENSG00000253320	11.5	3.5	0.35	0.45	0.75	0.9	0.4
ENSG00000253348	0.25	200	0.05	0.2	0.75	0.05	0.35
ENSG00000255176	0.5	5	6.45	9	0.75	3.5	2.5
ENSG00000258376	1.5	6	2	7	0.75	1.15	3.5
ENSG00000230649	7	0	0	0.15	0.8	0	0
ENSG00000231495	0	27.5	0	0	0.8	0	0
ENSG00000239332	0.1	0.15	0.4	0.85	0.8	7.5	0.1
ENSG00000241599	0.25	7.5	0	1.15	0.8	0.1	1.85
ENSG00000246225	6	0.1	0	0.55	0.8	0.15	0
ENSG00000254815	0.45	5.5	1	1.15	0.8	0.45	0.35
ENSG00000228157	1	2	0	6	0.85	0.1	0
ENSG00000232677	1	49	3.5	4.5	0.85	2.5	10
ENSG00000237892	2.5	2.2	0.5	15	0.85	14.5	13.5
ENSG00000250616	0.6	15.5	0.25	0.7	0.85	0.35	0.25
ENSG00000254631	0.1	1.75	0	6	0.85	0.05	0.2
ENSG00000258875	9.5	0.95	0.3	2	0.85	0.15	0.85
ENSG00000259448	7	0.8	0	0	0.85	0	0
ENSG00000225030	2.7	7.4	0.5	1	0.85	0.15	0.5
ENSG00000251194	7	0.6	5	0.6	0.85	10	17.5
ENSG00000103472	9.5	1.85	0.35	8	0.9	2.5	0.45
ENSG00000225746	1.35	0.85	2	48.5	0.9	92.5	1.3
ENSG00000229521	9	1.05	0	2.85	0.9	1.1	2.6
ENSG00000231131	0	0.05	24	1.05	0.9	0.7	46
ENSG00000246792	0.5	7.5	0.05	0.3	0.9	0.1	0.1
ENSG00000259244	0.5	1.5	1	6.5	0.9	3.5	2.5
ENSG00000197536	16.5	0.35	0	2.5	0.95	0.6	0.5
ENSG00000230426	0.75	17	0	0	0.95	0	0.05
ENSG00000242759	0.35	8	0.5	0.25	0.95	0.85	0.95
ENSG00000261801	0.45	7	2	3	0.95	15	2
ENSG00000165511	1.5	5.5	0.5	4.5	1	1.5	0.15
ENSG00000180139	4	0.6	0.1	0.15	1	9.5	0.55
ENSG00000225408	7	1.5	0.1	2.7	1	2.1	0.5
ENSG00000226510	0.75	6	0.25	0.1	1	0.4	0.4
ENSG00000226965	10	2.2	3.5	0	1	5	4
ENSG00000227659	1	6	0	0.45	1	0.1	0.2
ENSG00000227726	0	15	0	0	1	1.3	0.2
ENSG00000229118	0.35	1.7	1	7.5	1	2.8	1.7
ENSG00000229673	0	19.2	0	0	1	0.1	0
ENSG00000231227	7.5	0	0	0	1	0	0
ENSG00000233860	0.1	5.75	0	1	1	3.25	0.6
ENSG00000235978	16	0.6	0.1	1.9	1	0.1	0.2
ENSG00000236457	2.25	1.1	1	6.5	1	1.05	1
ENSG00000238160	26	1	0	4.65	1	1.65	0.4
ENSG00000238246	0.15	5.75	0	0	1	0.5	1
ENSG00000242147	0.1	0.1	38	0.1	1	3	28
ENSG00000246763	0.05	2	0.15	3	1	42	0.8
ENSG00000247809	7	0	0.55	8	1	5	0.85
ENSG00000248266	0.25	18	0.45	0	1	2.55	5
ENSG00000253939	1.1	16	0	1.5	1	0	0
ENSG00000258225	0.55	0.7	0.55	3	1	5.15	2.45
ENSG00000259113	1.5	0.6	0.15	1.65	1	5.7	0.7
ENSG00000259359	3	0	0	5.3	1	0.6	0.05
ENSG00000259445	1	12	0	1.05	1	0	1.5
ENSG00000259528	1.05	6	0	0	1	1.15	0.35
ENSG00000259692	0.15	7	0.1	0.5	1	0.2	0.4
ENSG00000261586	0.05	22.5	0	8.5	1	0.2	0
ENSG00000226520	0	2.55	0.1	6.7	1.05	2.75	1
ENSG00000228624	0.35	10	0.05	0.65	1.05	0.4	0.1
ENSG00000235740	5.25	1.55	2.05	4.65	1.05	0.4	0.4
ENSG00000240770	13.85	2.05	0.05	0.6	1.05	1.25	3.4
ENSG00000246790	12	0.6	0	0.05	1.05	0	0
ENSG00000249532	2.5	560.5	0.1	0.4	1.05	0.55	0.3
ENSG00000259589	4	1.15	0	8.25	1.05	0.15	0.2
ENSG00000229105	3.3	5.75	0	0.5	1.1	0.3	0.1
ENSG00000230266	13	2.1	3	33.5	1.1	0.5	0.15
ENSG00000233922	13.5	4.5	0.05	0.8	1.1	0.3	0.3
ENSG00000235904	1.2	0.45	1.5	2.5	1.1	6.5	0.35
ENSG00000237877	7	0.85	0.05	0.55	1.1	1.15	0.6
ENSG00000249678	0	2.35	0	2.95	1.1	7.85	3.5
ENSG00000253978	0.35	4	0.15	0	1.1	0.05	5.5
ENSG00000255817	0.1	1	0.15	5.7	1.1	4.1	3
ENSG00000257640	28	0.05	0	1.15	1.1	0	0
ENSG00000261051	0	0.3	0.25	1.4	1.1	5.35	1.15
ENSG00000227512	2.65	4	3.4	9.5	1.15	0.4	4.95
ENSG00000227838	0.1	20.5	0	0	1.15	0	0
ENSG00000246250	8	4.95	0.6	3.4	1.15	1.7	2.85
ENSG00000260601	26.5	1.5	0	1.5	1.15	0.5	1
ENSG00000223642	3.5	5.05	0	6.15	1.2	1.55	2.1
ENSG00000223653	0.45	1.05	0.1	6.95	1.2	4.6	0.15
ENSG00000249568	10	0.05	0	0.05	1.2	0	0
ENSG00000251637	3.5	8.5	0.3	0.75	1.2	0.1	0.7
ENSG00000258086	4	1.1	0.35	16.5	1.2	2.5	2.95
ENSG00000258926	45	4.5	0.2	57	1.2	0.6	3.4
ENSG00000260141	5.5	1	0.95	5	1.2	0.25	1.25
ENSG00000261364	3.5	15	0	2.8	1.2	0.4	0.6
ENSG00000261471	9	1.1	0.55	1.1	1.2	0.55	1.1
ENSG00000225885	12.5	2	0	2.25	1.25	0.5	1.6
ENSG00000235865	1.9	2.3	2	6	1.25	3.5	4
ENSG00000245522	1.85	1.2	0.3	6	1.25	2.5	2.5
ENSG00000250838	0.05	10	0	0.4	1.25	0.55	0
ENSG00000253586	8	1	0	12	1.25	2.15	0.25
ENSG00000254477	0.1	2.5	0.2	7	1.25	0.4	0.9
ENSG00000254602	1.3	11	1.35	2.35	1.25	2.5	1.5
ENSG00000255081	4	0.65	0.2	7.5	1.25	1	1
ENSG00000238258	1.9	0.15	0.1	8	1.3	1.95	2.05
ENSG00000245573	1	4	0.25	5.45	1.3	21	1
ENSG00000251586	9	1.25	0	3	1.3	4.6	2.15
ENSG00000253284	0.1	6.5	0.4	1.25	1.3	0.55	1.1
ENSG00000254325	8.5	1.6	0.2	1.65	1.3	0.05	0.5
ENSG00000259883	14.5	4.65	0.15	26.5	1.3	1.4	3.75
ENSG00000224259	0.15	0.1	2.5	0.35	1.35	3	39.5
ENSG00000225527	6.5	2	0.15	0.45	1.35	1.1	0.65
ENSG00000226758	3.5	1.7	0.1	7.9	1.35	0.55	0.5
ENSG00000227292	0.05	0	0	0	1.35	0	6
ENSG00000228037	20.5	2	0	0.25	1.35	0.2	0
ENSG00000228124	2.4	3	5.5	1.5	1.35	1.3	1.5
ENSG00000232259	0.45	0.35	0.5	16	1.35	0.05	0
ENSG00000246228	5.3	0.2	2.5	0.85	1.35	1.1	4.5
ENSG00000254946	1.1	16.5	0.35	0.6	1.35	0	0.75
ENSG00000260367	1.5	3	0.5	6.5	1.35	1.65	0.6
ENSG00000227695	2.25	1.15	0.05	8.5	1.4	0.75	1.9
ENSG00000234779	14	21.5	0	5.5	1.4	5	0.3
ENSG00000236673	1.35	142	1.8	0.6	1.4	0.05	0.6
ENSG00000255092	21.5	0.4	2.25	1.55	1.4	0.45	3.5
ENSG00000257642	19	4	0.25	4.5	1.4	1.75	2
ENSG00000258044	2	2.7	0	1.1	1.4	7.65	1.25
ENSG00000179428	0	0.4	0	7.5	1.45	2	0
ENSG00000228065	2	6.5	1	1.2	1.45	1.25	0.8
ENSG00000247982	20	1.45	1.25	4.5	1.45	1.1	1.45
ENSG00000248896	1.15	3	1.5	6	1.45	0.35	1.3
ENSG00000124915	10	0.45	0	0.1	1.5	0.1	0
ENSG00000196096	5.5	2.35	0.1	1.7	1.5	0.35	0.75
ENSG00000197462	2.95	22	0.1	1.7	1.5	0.25	0.45
ENSG00000213279	2.5	0.7	0.35	5.5	1.5	0	0.6
ENSG00000224152	0.65	4.5	2.5	6.5	1.5	1.5	0.9
ENSG00000224739	0.4	0.4	6.5	0	1.5	0	4
ENSG00000226383	0	6.5	0	0.55	1.5	0.15	3
ENSG00000228485	1.15	0.6	0	4.9	1.5	7	0.75
ENSG00000230002	3.5	6.5	0.05	0.7	1.5	1.35	0.3
ENSG00000230074	2.5	4.5	5.5	0.85	1.5	7.5	14
ENSG00000230684	31	2.1	0	1.25	1.5	0.3	0
ENSG00000231720	0	9	0	0.1	1.5	0	0
ENSG00000232600	1.6	2.5	1.5	7	1.5	2.75	1.85
ENSG00000233101	0.05	0	0	4	1.5	14.5	0.05
ENSG00000233379	3.5	7.5	0.35	2.2	1.5	0.05	0.35
ENSG00000233895	0.45	0.35	0.35	6	1.5	2.5	0.7
ENSG00000235481	5.5	1.5	0	5	1.5	0.85	1.15
ENSG00000235488	2.5	8	0	1.15	1.5	2	1.15
ENSG00000235927	3.5	4	0.3	4	1.5	8.5	1.45
ENSG00000236305	0.9	5.5	2	2.5	1.5	0.35	1.5
ENSG00000236799	2.4	1.1	6	1.25	1.5	0.4	1
ENSG00000240143	15.5	0.6	0	0.25	1.5	0.2	0.45
ENSG00000240175	0.5	4.9	0.1	8.4	1.5	2.55	2
ENSG00000242154	2.5	4.35	0.5	6	1.5	1.75	1.15
ENSG00000247345	6.45	0.15	0	1.15	1.5	0.05	0
ENSG00000248429	0.15	0.05	7.5	36.5	1.5	0.05	0
ENSG00000248588	0	9	0	0.5	1.5	0.05	0
ENSG00000250659	3	0.75	5	3.5	1.5	3	6
ENSG00000250682	0.4	6.5	0	0.4	1.5	0.2	0.1
ENSG00000250889	0	7	0.65	0	1.5	0.85	1.9
ENSG00000251432	2	4	1.1	1.5	1.5	2	11.5
ENSG00000253361	0	7.5	0.15	0	1.5	0.05	0
ENSG00000253424	7	5.5	0	3.25	1.5	0.8	2.2
ENSG00000253522	373.5	0.3	0.05	3.5	1.5	0.05	0
ENSG00000254277	1.5	454	0.05	2	1.5	0	1.4
ENSG00000257298	2.5	2	0.75	2.95	1.5	2.35	8.5
ENSG00000257452	16	0.9	0.5	3	1.5	0.3	2.5
ENSG00000258380	2.55	16.5	0	2	1.5	1.85	0.65
ENSG00000258649	0.55	116.5	0	0.6	1.5	0.3	0.1
ENSG00000258944	6.5	3	0.5	5.5	1.5	1	2.5
ENSG00000259204	1	2.1	0	5.65	1.5	0.05	0
ENSG00000259291	7	5.5	0.65	6	1.5	4	1.5
ENSG00000259583	0.9	0.5	5	1.5	1.5	0.65	5.5
ENSG00000259884	0.75	0.1	0	0.5	1.5	12.5	0.75
ENSG00000260448	12.5	5.5	1	6.5	1.5	3.5	3
ENSG00000260583	28	2.5	0.35	1.4	1.5	1.5	1
ENSG00000261243	0.9	1.15	5.5	0.65	1.5	1.2	2.3
ENSG00000261373	0.45	5.5	6	7.5	1.5	6.1	2.5
ENSG00000228288	1.5	15.5	3.25	3	1.55	6.1	2.5
ENSG00000228625	0.1	1.55	0.25	6.4	1.55	1	0.55
ENSG00000251139	16.5	0.4	0.1	1.5	1.55	0.6	1.5
ENSG00000259221	2.1	2.1	0	5.3	1.55	0.05	0.35
ENSG00000225489	15	0.75	0.35	0.45	1.6	0.05	0.35
ENSG00000234456	0.3	0.7	0.6	10.5	1.6	27.5	0.75
ENSG00000249846	1.5	8.5	0.15	1.4	1.6	1	0.7
ENSG00000258793	0	0	0.5	0	1.6	10.5	0.3
ENSG00000259498	0.05	4.5	1.2	18	1.6	5	2.8
ENSG00000224944	2	1.2	0.2	8.6	1.65	0	1.05
ENSG00000229124	6.5	1	2	0.65	1.65	1.5	1.9
ENSG00000254988	2.5	3.05	0	4.5	1.65	0.25	5.05
ENSG00000257754	1.5	3.95	0	0.5	1.65	3.6	5.95
ENSG00000258837	8	3.5	0	3.75	1.65	1.55	2.1
ENSG00000259564	4.15	1.5	0	5.6	1.65	1	1.5
ENSG00000176593	3	8.5	0.8	3	1.7	1.35	2.5
ENSG00000234428	20.5	1.6	0	5.4	1.7	0.15	0.55
ENSG00000235397	1.6	7.4	0.2	14	1.7	1.15	6.25
ENSG00000235494	0.5	7	0	0	1.7	0	0
ENSG00000251314	3	0.1	0.05	3.5	1.7	0.6	14.5
ENSG00000254129	4.1	1.65	0.1	7.2	1.7	0.2	0.5
ENSG00000260145	9.5	0.3	0	1.15	1.7	0.45	0.55
ENSG00000234617	1.5	1.65	0.1	8	1.75	0.35	0
ENSG00000236426	2.15	0.15	0.1	5.25	1.75	0.2	1.05
ENSG00000237499	11	0.95	0.75	1.3	1.75	0.4	17
ENSG00000225300	2.95	1.2	0	5.5	1.8	1.3	1
ENSG00000231429	1.15	0.8	6.25	3.3	1.8	0.05	3.65
ENSG00000232490	0.55	6	1.1	2.4	1.8	0.35	3.25
ENSG00000254964	1.5	0.5	1.5	6.5	1.8	1	1
ENSG00000255647	6	3.95	0.3	1.15	1.8	0.7	0.05
ENSG00000259048	1	299	0.4	0.35	1.8	0.15	0
ENSG00000197291	1.5	4	0.7	9	1.85	0.5	0.85
ENSG00000227197	6.5	8.7	0	2.6	1.85	2.55	3.15
ENSG00000204584	1.85	4.5	0.25	10.5	1.9	0.25	1.25
ENSG00000214773	4	6	0	3.2	1.9	0.35	1.25
ENSG00000250582	0	1.55	0	8.9	1.9	0.3	1.1
ENSG00000250902	0	3.4	0.25	21.5	1.9	0.3	1.3
ENSG00000225963	11.5	2.7	0.6	3.3	1.95	0.3	2.5
ENSG00000246477	6	3.75	0.2	3.2	1.95	0.65	1.15
ENSG00000254418	4.5	5.5	0	10.5	1.95	2.5	3
ENSG00000254432	7	4.7	0	4	1.95	0.1	0.85
ENSG00000258545	4	14	0.15	1.35	1.95	0.05	0.55
ENSG00000261604	5.5	3	3	1.5	1.95	0.35	4
ENSG00000116883	0.5	11	10.5	2.5	2	9.95	5.5
ENSG00000163915	0	5.3	0.75	8	2	1.1	5
ENSG00000203506	3	1.5	0.5	6	2	5.7	1.2
ENSG00000223685	2.3	9.5	1	1.8	2	0.9	3.5
ENSG00000224046	2.5	5.5	0.3	1.3	2	0.65	0.5
ENSG00000224574	0	18.5	4.75	22.5	2	4	1.5
ENSG00000225793	7.5	0.85	0.4	3	2	0.8	1
ENSG00000226137	0.25	4.5	3.4	10	2	9	2.5
ENSG00000227227	2.25	3.8	0.1	14.35	2	2.7	2.9
ENSG00000229905	7	4.5	0	2.3	2	0.35	2.2
ENSG00000230289	0.5	8.5	4	1	2	0.5	0.5
ENSG00000230565	6	5	1.5	4	2	3.5	1.6
ENSG00000230679	9	1.2	0.45	0.4	2	0.4	0.3
ENSG00000230741	6.7	13.95	0	0.4	2	0.4	0.65
ENSG00000231483	0	0	38	0	2	0	2.5
ENSG00000231842	9.5	3.25	0	1	2	0.7	1.15
ENSG00000232931	6.5	0.6	0.5	6	2	3	3
ENSG00000233108	6	1.15	0	0.1	2	0.25	0.25
ENSG00000234263	21.5	0.4	0	2.5	2	2.4	0
ENSG00000234449	7	3.5	0.5	3	2	4	10
ENSG00000235706	4	5.5	1.5	1.35	2	1.1	1.5
ENSG00000235947	18.5	0.35	0	3.5	2	0.05	1.65
ENSG00000236137	12	1.35	0.5	0.7	2	0	1.3
ENSG00000236510	0	6	0.15	3.5	2	0.35	2.75
ENSG00000237243	4.7	1.6	0.1	6.2	2	5.2	0.5
ENSG00000237298	11	5.5	0.5	2.5	2	2.5	2.5
ENSG00000238019	1.9	7.5	0	2.8	2	0.65	0.5
ENSG00000241860	2	6	0.25	2.5	2	0.45	2
ENSG00000242242	0	8	0.05	0.65	2	0.95	0
ENSG00000242516	0.55	3	0.1	0.15	2	4	8
ENSG00000247925	15.5	0.5	0	5.15	2	0.55	0.35
ENSG00000249951	1	0	0	9.2	2	2.55	2
ENSG00000251292	6	81	0	1.3	2	0.4	0.35
ENSG00000253112	14.5	6.45	0	5.8	2	2.95	2.5
ENSG00000255158	2.3	3	0.8	6	2	0.4	0.4
ENSG00000255186	2.5	6	0	0.25	2	0.25	4
ENSG00000255565	18	1.05	3	4.25	2	9.95	0.15
ENSG00000256288	0.45	129.5	0	1.15	2	0.1	0.2
ENSG00000256742	8.5	11	0.1	0.55	2	2.5	0.2
ENSG00000259005	0.85	7	3	2	2	0.5	2.5
ENSG00000259523	9.1	3.5	1	4	2	3	0.95
ENSG00000259985	7	10	3.5	3.5	2	0.35	1.9
ENSG00000260442	0.6	10.9	2	1.8	2	1.55	0.35
ENSG00000260719	4	16.5	0.55	1.75	2	0.15	1.4
ENSG00000260834	0.5	263	1.35	0.45	2	0.1	0.2
ENSG00000261338	4	2.5	2.65	4	2	2.5	7
ENSG00000261438	21	2	1.5	0.2	2	3.5	3
ENSG00000261490	4.5	5.5	1.5	11	2	11.5	6.5
ENSG00000257869	3.05	8	0	1.1	2.05	0	1.1
ENSG00000236324	0.5	6.15	0	13	2.1	2.55	3.65
ENSG00000237073	23.5	1.3	3.35	31.5	2.1	0.35	0.85
ENSG00000244676	31	6.2	0.45	1	2.1	2.25	1.95
ENSG00000249395	2.2	6.5	0.2	1.95	2.1	0.3	1.1
ENSG00000251675	1.25	5.5	0.1	1.15	2.1	0.25	3.5
ENSG00000253116	0.6	6	0	1.75	2.1	0.35	1
ENSG00000258337	1	3.95	0.15	13.5	2.1	3.15	3.2
ENSG00000260604	0.1	0.05	0	17	2.1	1.5	0.1
ENSG00000232043	3.45	2.25	1.05	5.5	2.15	1.25	3.25
ENSG00000237281	6	1	0.1	1.75	2.15	0	0.3
ENSG00000254560	1.15	12	0	1.05	2.15	0.2	0.55
ENSG00000258172	7	0.45	2	0	2.15	0.15	0.15
ENSG00000260488	12.5	1.1	0.2	1.05	2.15	0.4	1
ENSG00000258034	0.85	4	0	6.75	2.2	2.9	2.1
ENSG00000223842	10	2.3	0.1	3.4	2.25	1.2	3.75
ENSG00000233851	0	2.3	0.1	11	2.25	1.2	0.65
ENSG00000247095	10	8	15	1.4	2.25	12	6
ENSG00000253335	0	6.4	0	1.7	2.25	2	4.1
ENSG00000260733	1.7	6.3	0.15	2.05	2.25	0.1	0.4
ENSG00000221953	11.1	5	0.35	5.5	2.3	0.5	1.7
ENSG00000233783	2.2	7.5	0.45	10	2.3	1.05	9.25
ENSG00000249684	3.5	12.5	2	6.5	2.3	0.8	3
ENSG00000257910	0	6	0.1	1	2.3	1.5	0.75
ENSG00000225913	0	16	0.15	4	2.35	3.5	0
ENSG00000236611	9	7	0.2	1.7	2.35	0	0.65
ENSG00000255443	6	0.2	2	1.5	2.35	8	15
ENSG00000255476	3.5	6.6	0.2	7.3	2.35	0.5	1
ENSG00000256546	0.6	8	0.1	8.5	2.35	0.85	0.35
ENSG00000166770	0.1	37.5	2.85	9.5	2.4	11.5	13.5
ENSG00000227528	3.25	4.5	0	6	2.4	1	0.45
ENSG00000231102	7.35	0.35	0.15	0.1	2.4	0.2	0
ENSG00000233937	0.9	5.5	1	0.85	2.4	0.5	0.65
ENSG00000240875	1.45	0.5	3.5	0.9	2.4	1.5	8.5
ENSG00000254538	5.45	8	0.1	7	2.4	1.1	1.15
ENSG00000255775	0.3	0.6	0.55	12.5	2.4	0.3	0.15
ENSG00000224141	23	7.5	0.5	7.5	2.45	0.1	1.1
ENSG00000235760	1.1	15.5	0	0.4	2.45	0.1	0.15
ENSG00000257474	1.75	11	0	5.9	2.45	0.35	1.55
ENSG00000259772	15.5	0.65	0	0	2.45	0	0
ENSG00000259986	6.95	11.95	0.15	21	2.45	1	0.65
ENSG00000261049	8.5	4.85	0	7.95	2.45	2.1	6.15
ENSG00000197085	10.5	1.05	0	0	2.5	0	0.05
ENSG00000214772	5.5	2.35	0.6	1.05	2.5	0.15	1.2
ENSG00000223949	3	6.4	0.1	4.9	2.5	0.35	1.6
ENSG00000225077	0.2	5.5	0.1	0.15	2.5	0.15	0.35
ENSG00000225138	0.7	6	4.85	3	2.5	10.5	3
ENSG00000225177	5	11	5.1	10	2.5	2.8	6
ENSG00000225234	0.55	9.5	1	1	2.5	3.9	2
ENSG00000225292	6	5	0	2.9	2.5	0.4	1.65
ENSG00000225572	0.35	4.15	0	30	2.5	0.55	2.05
ENSG00000225764	6	9.5	2.65	2	2.5	0.4	4.5
ENSG00000226312	16	1.25	0.65	14	2.5	1.95	5
ENSG00000226688	8	1.5	0.75	1.5	2.5	0.5	0.9
ENSG00000227619	15	0.25	0	0.2	2.5	3	0.1
ENSG00000229276	6	1.5	0	3.1	2.5	1.5	1.1
ENSG00000229502	0.3	2.8	0	10.4	2.5	1.7	2.05
ENSG00000229807	245	0.1	31	0.45	2.5	58	80
ENSG00000231521	5.5	2.2	0	3.75	2.5	3.4	0
ENSG00000232081	6.8	19.5	0	0.2	2.5	0	1.1
ENSG00000232284	1.7	0.6	0.5	9	2.5	4	2.5
ENSG00000232542	6	0.6	0.15	5	2.5	3.15	0.45
ENSG00000232696	2.8	0	0	20.5	2.5	0.5	0.3
ENSG00000233396	1.5	7	1.5	3	2.5	2	5.5
ENSG00000234478	7	2.75	0.1	2.25	2.5	3	3
ENSG00000235501	0.05	14.5	0.45	5.5	2.5	5	0.3
ENSG00000236936	4.45	2.65	0.25	22	2.5	0.75	1.1
ENSG00000237950	6	0.95	0.5	0.65	2.5	0.35	0.6
ENSG00000240990	0	0	0	13	2.5	0	0.1
ENSG00000241211	0	3.75	2.85	27.5	2.5	7.65	2.65
ENSG00000243179	2	0.05	0	5.5	2.5	1.1	4.35
ENSG00000243243	2.5	1.15	4.65	32.5	2.5	7	4
ENSG00000244625	10	3.5	1	4	2.5	2	3
ENSG00000245534	11	1.8	0.15	1.7	2.5	0.6	0.6
ENSG00000245937	9	2	4	4.5	2.5	4	5.5
ENSG00000247121	7	0.85	0.45	1.5	2.5	0.65	0.45
ENSG00000247498	0	1.45	7.5	7	2.5	1.5	2.5
ENSG00000249502	7.5	1.35	0.25	3	2.5	0.75	0.55
ENSG00000250986	0	20.5	0	0	2.5	0.05	0
ENSG00000251615	2.5	13.5	0.4	4	2.5	1.15	2.5
ENSG00000253477	1.7	8.5	0.3	1.95	2.5	0.15	1.3
ENSG00000253982	2	6.5	5.5	11	2.5	7	3.5
ENSG00000254531	1	6.5	14.25	11.5	2.5	9.5	9.5
ENSG00000254876	1.5	6.5	0.4	2.5	2.5	0.8	0.7
ENSG00000254910	2.5	8.95	1	4.5	2.5	5.85	0.5
ENSG00000255021	6.9	26	0	8	2.5	0.4	1.75
ENSG00000255455	3	5.5	2.15	10.5	2.5	5.5	7.5
ENSG00000256314	2.25	3.4	6	9	2.5	0.25	0.35
ENSG00000258232	0.95	4	12.5	3.25	2.5	5.5	2.5
ENSG00000258983	0	2.3	0.15	6.5	2.5	1.75	1.65
ENSG00000259682	4.5	2.1	0	6.5	2.5	0.6	2
ENSG00000260671	2.4	5	0.2	11	2.5	1.5	1.75
ENSG00000260927	5.5	1.9	0.25	5	2.5	1	2
ENSG00000261158	1.6	1.05	1.5	5.9	2.5	0.1	1
ENSG00000261485	10	0.9	0.5	1.45	2.5	1.5	0.2
ENSG00000261505	3.5	4.5	1	5.5	2.5	2	2
ENSG00000261592	2.5	2.5	2	5.5	2.5	2.5	2
ENSG00000261596	10	3.5	0.4	2.9	2.5	0.75	1.25
ENSG00000261630	2.6	4	2.95	5.3	2.5	1.6	3.25
ENSG00000261780	0.7	126.5	1.45	0.65	2.5	0.65	0.2
ENSG00000224563	0	3.15	0	6.85	2.55	6.5	3.1
ENSG00000228496	0.45	6	0	1.15	2.55	0	0
ENSG00000235890	0	23.5	0	1.5	2.55	0.4	0.05
ENSG00000253878	17	14	1	2.5	2.55	3	1.5
ENSG00000233303	0.5	3.45	0	10	2.6	0.3	2.2
ENSG00000251461	0	7	0	1	2.6	0.2	0
ENSG00000182912	0.8	26	0.35	2.5	2.65	0.45	0.55
ENSG00000228709	0	36	0	3	2.65	0.7	0.05
ENSG00000227014	5.5	3.3	1.35	3.35	2.7	3	1.5
ENSG00000254615	5	3.5	3.5	4	2.7	8.5	3.15
ENSG00000228423	10.5	4.6	0	7.5	2.75	0.5	1
ENSG00000241985	2.4	2	0.3	22.5	2.75	1.25	2.3
ENSG00000258454	15	1.5	0.4	0.6	2.75	0.75	0.1
ENSG00000224822	3.5	3.9	0.15	6	2.8	0.5	2.05
ENSG00000203804	2.4	2.5	1.9	7.5	2.85	5	1.65
ENSG00000213600	8	4	0	5.5	2.85	1.4	1.7
ENSG00000225839	3	1.45	0	6.5	2.85	1.05	0.2
ENSG00000237015	9	2.45	0.15	0.8	2.85	1.25	0.25
ENSG00000237943	3	9.5	3.3	0.85	2.85	0.15	2.5
ENSG00000223815	2.5	6.25	0	4.1	2.95	3.05	0
ENSG00000228554	6	5	0.25	26.5	2.95	2.35	6
ENSG00000234936	5.5	5.5	0.5	2.5	2.95	0.4	0.5
ENSG00000244128	14.5	0.15	8.5	0	2.95	0.1	19
ENSG00000247157	27.5	5	0.5	5.5	2.95	0.15	1.15
ENSG00000176912	2.4	22	1.5	2.95	3	0.7	0.35
ENSG00000203709	23	0.6	1.2	7	3	0.25	4
ENSG00000214188	7.5	2.7	0.15	3.8	3	1.7	1.15
ENSG00000214922	3.5	3.5	8.5	1.5	3	1.35	5
ENSG00000219665	8	7.5	0.7	4.5	3	2	2.5
ENSG00000226797	0.15	3.35	6.5	1.6	3	3.1	5.75
ENSG00000227076	0.7	0	1.25	28.5	3	0.25	0
ENSG00000228302	3	4	0.25	5.5	3	0.6	2
ENSG00000228317	8	0.25	0	1.1	3	1	0.2
ENSG00000228436	2.5	3	1	7	3	1.3	1.5
ENSG00000228763	19	2.5	0.15	41.5	3	3	7
ENSG00000229656	0	0.15	3.5	0.5	3	3.5	12
ENSG00000231519	6	5.5	0.5	5	3	2	3.3
ENSG00000233547	0.15	7.5	0.5	4	3	0.4	0.45
ENSG00000233893	2.5	2.8	15.5	1	3	0.55	5.7
ENSG00000234832	6	1.2	1.5	2.25	3	1.35	0.6
ENSG00000234917	6.5	2.5	2.8	0.6	3	0.8	1
ENSG00000235280	0	6	0	0	3	0.05	0
ENSG00000235448	0.15	0	1	0.65	3	2.25	5.5
ENSG00000236255	8.5	2.5	0.6	1	3	0.75	2.5
ENSG00000237786	6	1.5	0	4.65	3	0	3
ENSG00000239665	6	5	1.5	11	3	4.5	4
ENSG00000241912	1.15	6.5	1	1.2	3	0.15	1.25
ENSG00000242795	0	0.35	0	47	3	0.15	0
ENSG00000243368	16.5	10.5	0.35	5.5	3	0.95	4
ENSG00000244268	3	2	11.5	1.5	3	0.75	4.5
ENSG00000245667	4	6.5	1.5	4	3	0.75	2.45
ENSG00000250410	12.5	2.5	0.35	6	3	2.5	0.25
ENSG00000250413	38.5	0	0.5	1	3	0.1	3.4
ENSG00000253210	7	1.5	1.5	4.5	3	5	1.1
ENSG00000254207	8	0.8	0.5	4	3	3	1.25
ENSG00000254671	5.5	1.65	0.15	1.2	3	2.3	1.35
ENSG00000255062	3.5	6	1.5	4.5	3	2.9	2
ENSG00000257151	10.5	167.5	0.9	8	3	5	6
ENSG00000259103	3.2	5.2	0	8.2	3	1	1
ENSG00000259276	5.4	4.25	2	7.85	3	5.1	3.05
ENSG00000259326	43	5.5	0.2	3.15	3	1.9	3.35
ENSG00000261489	0.15	14.5	0	10.5	3	0.1	0
ENSG00000261643	3	6.5	3	7	3	2.95	3.5
ENSG00000226149	8	0.25	0.5	26	3.05	3.85	4.45
ENSG00000227945	0.45	3.1	0	4.6	3.05	3.05	6.15
ENSG00000248256	5.75	0.95	0	0.4	3.05	2.5	1
ENSG00000218537	7	4.5	1	2	3.1	0.45	0.85
ENSG00000228108	2.2	1.6	0	10.5	3.1	1.55	0.5
ENSG00000231789	5	22	1.5	0.6	3.1	3.4	0.75
ENSG00000240032	0	1.55	1	6	3.1	9.45	3.3
ENSG00000248996	10	5	0.5	6.5	3.15	3	0.75
ENSG00000259364	3.9	5.5	0.45	1.55	3.2	0.65	1.15
ENSG00000237853	0	3.05	0	6.75	3.25	0.35	1.1
ENSG00000247311	9	5.2	0.2	2.65	3.25	2.5	1.1
ENSG00000257221	24	0.7	0.55	5	3.25	7.5	2.45
ENSG00000259274	10	2.8	0	2.6	3.25	0.3	0.25
ENSG00000261436	7	4.6	0	21	3.25	2.6	0.55
ENSG00000261488	1.85	3.5	1.1	1.4	3.4	3	7.5
ENSG00000131484	10.5	4	0	4.4	3.5	0.75	1
ENSG00000163009	5.5	5	0.75	0.65	3.5	0.7	0.2
ENSG00000170919	4	4	1.45	6	3.5	6.5	3.5
ENSG00000203321	8	5.15	2.2	2.35	3.5	1.1	3.75
ENSG00000205041	2.5	12.5	1.9	5.5	3.5	2	1.5
ENSG00000224468	7	2.45	0.4	11	3.5	14.5	4
ENSG00000224616	7.5	7.5	1	2.5	3.5	2	2
ENSG00000224707	7.5	6.5	0.35	8.9	3.5	2.2	1.6
ENSG00000224855	6.5	3.55	1.65	3	3.5	3.7	1.9
ENSG00000224905	8.5	10	0.5	0.55	3.5	0.9	0.65
ENSG00000224945	0.1	12	0.15	9.5	3.5	19.5	0.25
ENSG00000225037	7.5	3.9	0	0.6	3.5	3.85	1.9
ENSG00000225313	3	1.35	3	5.5	3.5	4	4
ENSG00000226380	7	1.7	4	12	3.5	31.5	13
ENSG00000226876	10.95	6.65	0	10.2	3.5	3.7	3.1
ENSG00000227598	9	5	0.5	3.5	3.5	0.7	1.1
ENSG00000227782	6	4.5	1.5	5.5	3.5	0.9	2
ENSG00000228204	0	12.5	0	0	3.5	0.15	0.3
ENSG00000228863	15	4.5	0.15	3.4	3.5	0.6	2
ENSG00000229539	2.5	2.5	6	2.5	3.5	2.45	1.15
ENSG00000229951	1.95	2	0.55	5.5	3.5	1	1.45
ENSG00000230084	7	1.65	0	3	3.5	5	1.35
ENSG00000232729	9.5	8	0.75	5.5	3.5	1.4	2.3
ENSG00000233178	27.5	4.5	2	14.5	3.5	15	5
ENSG00000233340	12	13.95	0	9.2	3.5	3.55	5
ENSG00000233828	6	6.45	1.6	5.85	3.5	0.15	2.75
ENSG00000233864	0	21	0.1	12	3.5	0	0
ENSG00000233885	9	5.5	0.45	9.5	3.5	3.5	2.5
ENSG00000234185	13	3.25	0	2.15	3.5	1.3	1.2
ENSG00000235085	5.5	7.5	0.45	3.5	3.5	0.3	0.7
ENSG00000235475	5.5	3	1	3.5	3.5	0.65	1.5
ENSG00000236262	0	11	0	0	3.5	0.05	0
ENSG00000236859	6.5	3.5	1.15	1.5	3.5	1.45	0.9
ENSG00000237036	7	1.85	0.25	5	3.5	2	0.6
ENSG00000237187	0.1	0.55	1.5	5	3.5	6.5	0.1
ENSG00000237781	1.2	3.5	1	27	3.5	1.45	4.5
ENSG00000237886	1.5	9	3.5	2.45	3.5	3.15	1.05
ENSG00000238273	0.9	2.2	5	50	3.5	10.5	10
ENSG00000239480	13	2.5	0	3	3.5	0.4	0.45
ENSG00000239653	9	3	0.8	7	3.5	2.5	3
ENSG00000242290	1	0.45	0	5.15	3.5	2.05	0.1
ENSG00000243069	4.5	3.45	0	5.9	3.5	0.45	1.8
ENSG00000243701	0.3	1.5	7	2	3.5	4.5	5
ENSG00000245614	1	6	0.45	1.35	3.5	0.4	0.25
ENSG00000247271	6	3	8	6.5	3.5	3.5	12.5
ENSG00000247679	4	10	1.55	11	3.5	6	5
ENSG00000247708	4	9	0.55	1.45	3.5	0.85	1
ENSG00000248559	3.5	5.5	0.5	4.5	3.5	5	3
ENSG00000249125	4.5	4.5	0.35	7	3.5	0.5	1.8
ENSG00000249293	0.25	1	0.35	57	3.5	1.15	22.5
ENSG00000249379	2	2.8	0.5	4.25	3.5	0.8	9.5
ENSG00000249456	1.5	2.5	2.5	2.5	3.5	7.5	1
ENSG00000250116	15.5	6	0.1	3	3.5	1.5	3
ENSG00000251611	12	18	1.5	0.55	3.5	0.05	2
ENSG00000253829	6	3	0.15	11.5	3.5	2.5	0.75
ENSG00000254003	30	2.85	1.45	4	3.5	1	1
ENSG00000254433	5.5	4	1.6	1.8	3.5	1.2	0.85
ENSG00000254577	7.5	2.5	0	2.5	3.5	8	1.5
ENSG00000255139	7	1	1.5	3	3.5	1.2	0.9
ENSG00000255234	1.5	43	1.2	1.1	3.5	0.1	0.75
ENSG00000255237	3	4.5	0.55	5.5	3.5	0.75	1.5
ENSG00000255320	4	1.4	5	5.5	3.5	5.95	3.5
ENSG00000256452	12	20.5	1	7.5	3.5	1.5	3
ENSG00000258199	10	39.5	7	43	3.5	14.5	6.5
ENSG00000258365	8.5	1	0.3	0.4	3.5	0.4	0.55
ENSG00000258655	1	4	4.5	0.8	3.5	1.7	5.5
ENSG00000258667	49.5	6	0.7	16.5	3.5	11.5	2
ENSG00000258752	3.15	13.5	0	2.05	3.5	1.05	0.6
ENSG00000259125	0.2	6.9	0	0.15	3.5	1.5	0.5
ENSG00000259201	6.5	1.2	0.25	5.5	3.5	0.7	8.95
ENSG00000259363	13	1.5	0.05	7	3.5	2	0.25
ENSG00000259644	0.15	6.5	0.25	10.5	3.5	1.95	1.85
ENSG00000259773	5	3.5	0.85	5.5	3.5	1.35	2
ENSG00000259959	4.5	9	2.5	2.5	3.5	6	2
ENSG00000260051	1	7	1.5	6.5	3.5	1.85	1.5
ENSG00000260536	3.5	8.5	1	3	3.5	5	4
ENSG00000261098	6.5	6.5	0.7	3	3.5	0.55	1.5
ENSG00000261804	18	8.5	6.5	6	3.5	3.4	4
ENSG00000232912	4	8.5	0	9	3.6	1.1	1.05
ENSG00000233098	0.3	20.5	0.3	0.25	3.6	0.05	0.15
ENSG00000236234	5.25	2.1	0	5.95	3.6	0.75	4.3
ENSG00000256083	4.25	11.4	8	6.5	3.6	54.5	24
ENSG00000259202	3.85	1.55	0	11	3.65	6.3	3.8
ENSG00000226756	8.5	1.1	0.3	2.45	3.7	1.2	1.35
ENSG00000234650	3.95	13.5	5.6	8.9	3.7	3.15	1.7
ENSG00000237976	10	7	0.3	2	3.7	1.65	0.75
ENSG00000253372	6.5	2.7	0	1.55	3.7	0.2	1.5
ENSG00000227431	1.05	5.5	0.45	0.7	3.75	0.3	0.25
ENSG00000253893	1.85	14.5	0.5	2.5	3.75	3.5	1.5
ENSG00000215769	0.4	1	1.55	10.5	3.8	3.5	7.5
ENSG00000227200	22.5	3.35	0	13.4	3.8	6	5.5
ENSG00000254364	59	0.25	0.3	0.3	3.8	0	0
ENSG00000226163	6	6.2	0	4.5	3.85	2	0.5
ENSG00000227215	5.5	7.5	0.55	4.65	3.85	0.6	1.15
ENSG00000235725	3.5	3.5	0.05	6	3.85	0.35	1.15
ENSG00000261366	9	0.75	0.4	0.8	3.85	0.45	0.45
ENSG00000227036	3	0.6	7.5	0.05	3.9	1.4	12
ENSG00000248774	7	0.8	0.25	0.75	3.9	1.5	0.3
ENSG00000223784	0	2.7	41.5	0.05	3.95	0.65	13.5
ENSG00000183250	8.5	2	4	2.5	4	1.45	2
ENSG00000188185	10	15	4.5	4.5	4	6	3.5
ENSG00000197815	4.5	1.5	1	7	4	3.5	4.5
ENSG00000203325	14.5	11.5	0.5	19.5	4	3.5	4
ENSG00000203635	4.5	18.5	0.95	6	4	0.6	2
ENSG00000204528	8.5	3.5	10	0.1	4	0.05	1.3
ENSG00000212694	3.5	15.5	1.6	14	4	2.15	0.8
ENSG00000223379	6.5	0.6	2.5	4.8	4	0	1.6
ENSG00000224691	4	3.5	0	6	4	1.5	2.5
ENSG00000224950	11.5	0.2	0.4	0.9	4	0.25	0.8
ENSG00000226167	10	2	0.6	5.5	4	0.95	1
ENSG00000227070	6	1.15	2.5	1.75	4	0.1	1.4
ENSG00000228060	5.5	2.65	0.65	1.1	4	3.35	1.4
ENSG00000228107	6	5.5	1.35	7	4	0.8	5
ENSG00000229308	1.45	3.9	0.1	104.5	4	0.6	1.25
ENSG00000229487	12	7.5	1	7	4	3	2.5
ENSG00000229589	0.75	7.5	0.2	0.95	4	0.25	0.2
ENSG00000229852	4.5	6	2.3	2	4	1.5	5
ENSG00000229999	6.95	3.2	0.15	4.7	4	0.7	2.65
ENSG00000230155	9.5	3.25	0	1.75	4	0.65	0.6
ENSG00000231703	5	5.5	0.2	4.35	4	1.4	1.7
ENSG00000232131	5.95	1	0	14.5	4	1.05	0.1
ENSG00000232442	3	4.05	7.5	5	4	2.3	3
ENSG00000232762	11.5	25.5	0.1	4.5	4	0.55	2.55
ENSG00000235381	4	5.5	1.15	3.5	4	1.5	3
ENSG00000235423	2	6	6	8	4	7.5	4
ENSG00000235908	6	4.5	4.5	12.5	4	3	2.5
ENSG00000236861	8.5	2.5	1.6	1.5	4	1.5	1.3
ENSG00000236924	32	15.5	0.25	0.15	4	0	0
ENSG00000237753	1.5	1.5	6.5	1.5	4	1.75	4
ENSG00000238018	6	3.5	0.6	8	4	1.5	2
ENSG00000240373	6.5	3	0.5	3.5	4	4	2.5
ENSG00000243224	8.5	4.5	0.5	0.85	4	0.8	0.75
ENSG00000244161	4.5	4.5	1.75	47.5	4	2	12.5
ENSG00000246016	3.5	3	5.25	3	4	0.15	2
ENSG00000249592	5.5	6	0.9	4.5	4	4	2
ENSG00000250802	0.75	7	0	1.35	4	0.2	0
ENSG00000251186	6.95	6.1	0.1	5.5	4	1.15	2
ENSG00000251209	3.95	7	0.6	4	4	0.65	3
ENSG00000251414	7	10.5	2.5	11	4	8	4.5
ENSG00000253636	4	38	0.3	5.5	4	0.65	1.45
ENSG00000253666	72	0.15	0	0	4	0	0
ENSG00000255142	2.4	7.5	3	4	4	3.3	2.5
ENSG00000255165	5	5.5	4.3	4.5	4	0.55	2
ENSG00000258136	6	5.5	0.75	6	4	2	3
ENSG00000258526	10.5	8.4	0.7	2.1	4	0.45	0.4
ENSG00000258914	5.5	5.5	0.5	1	4	0.1	1.5
ENSG00000259153	7	36.5	79.5	0	4	0.35	16
ENSG00000259398	6	1.4	0.15	4.5	4	0.35	1.9
ENSG00000259723	2	7.5	0	2.2	4	1.1	0.5
ENSG00000260121	2.5	1.5	3.5	8.5	4	11	6.5
ENSG00000260194	6.9	6.2	4	6.2	4	3.6	4.6
ENSG00000260778	2	5	1.5	6	4	1.35	2
ENSG00000260822	30	17.5	4	1.5	4	1.5	5
ENSG00000261140	2.3	8.5	8.5	5	4	3.5	4
ENSG00000261251	5.5	6	0.2	1.15	4	0.7	0.3
ENSG00000261613	2	5.5	1.65	5.5	4	5.5	2.5
ENSG00000231563	6.9	3.5	5.95	5	4.15	4.5	1.5
ENSG00000231881	7.5	1.7	2.5	0.05	4.2	0.25	0
ENSG00000232907	6	6.5	0.1	2.8	4.2	0.65	0.6
ENSG00000236581	4.35	1.55	0.45	24	4.25	27	10.5
ENSG00000224972	10.1	5.45	0	3.65	4.3	2	2.2
ENSG00000233665	8.5	6.95	0.1	4.25	4.3	0.1	2.15
ENSG00000237646	1.7	3	7.5	3.6	4.3	0.6	0.6
ENSG00000232564	7	9	0.75	9.5	4.45	1.25	5.4
ENSG00000177406	9	3	0.6	2.5	4.5	0.35	0.95
ENSG00000196167	5.5	6.5	0.6	7.5	4.5	0.5	2.25
ENSG00000196295	12.5	3	0.85	5	4.5	3	4
ENSG00000198468	3	6	2.15	2	4.5	1.4	0.5
ENSG00000206344	6.5	0.3	0.05	0.45	4.5	0.35	0.15
ENSG00000224238	7	6.5	1.15	4.35	4.5	0.5	1.95
ENSG00000224975	4	4.5	3	4.5	4.5	5	5.5
ENSG00000225311	0.2	4.5	0	6.5	4.5	0.5	0.5
ENSG00000225721	6.5	5.5	2.25	4	4.5	2.5	0.25
ENSG00000226899	3.85	4	0.1	5.4	4.5	0.55	1.6
ENSG00000227252	11	11.5	1	6.5	4.5	0.95	4.5
ENSG00000227354	7	4.5	1	1.5	4.5	1.5	1.5
ENSG00000227911	0	0.55	0	9	4.5	2.05	0.2
ENSG00000229127	8	2.9	0.25	3	4.5	1.25	1.95
ENSG00000229591	11	5	0.3	13	4.5	4	3.5
ENSG00000230724	3	19.5	2	8	4.5	4.15	3
ENSG00000231125	8	2.3	0.35	2	4.5	2	1.8
ENSG00000232455	8.75	10.5	0.1	6.1	4.5	0.6	3.15
ENSG00000232850	4.5	5.5	1.5	9	4.5	0.9	1.9
ENSG00000234705	5.5	0.2	1	0.6	4.5	0.6	1
ENSG00000235560	5.5	5	1.05	0.9	4.5	0.6	0.75
ENSG00000236901	7.5	31.5	0.4	5.5	4.5	0.5	1.35
ENSG00000236991	14.5	5.5	0.5	5.5	4.5	2.5	1.85
ENSG00000237689	8.35	1.65	0.15	10.25	4.5	0.25	1
ENSG00000239213	6	6.5	3	4	4.5	1.85	1.9
ENSG00000240291	9.5	4	0.5	0.95	4.5	1.3	1.5
ENSG00000241288	3	6	1	3.5	4.5	4	4.5
ENSG00000241479	0	0	0	47	4.5	0.1	0
ENSG00000241990	0	0.05	7	5	4.5	2.85	7.5
ENSG00000244701	15.5	4.5	0.5	11	4.5	2	2.15
ENSG00000245928	5.5	10.5	0.25	5.5	4.5	0.45	2.5
ENSG00000248734	11.5	2.5	1	4	4.5	2.5	3
ENSG00000249637	5.5	5.5	0.45	2	4.5	0.6	0.6
ENSG00000251095	1.4	15	3.35	3	4.5	0	10.5
ENSG00000253200	5	7.5	2.7	10	4.5	10	4.5
ENSG00000253618	5.5	3	1	6.5	4.5	1.4	0.6
ENSG00000255248	0	0.25	8	4	4.5	59.5	4
ENSG00000257270	7.5	12	2	8.5	4.5	5.05	5
ENSG00000257496	7.5	8	0.25	1.15	4.5	2.5	1.35
ENSG00000259088	14	7	3.5	6.7	4.5	2.5	1.85
ENSG00000259342	4	5	0.2	7	4.5	1	2.5
ENSG00000259345	5.35	11	0.25	10.5	4.5	1.5	5.5
ENSG00000259402	4	3.5	4.15	5.5	4.5	0.3	1.5
ENSG00000259618	7	3.5	0	9.5	4.5	1	3.5
ENSG00000261267	14	12.35	0.5	5	4.5	3.5	8.5
ENSG00000261351	6.5	4.5	1	2	4.5	2	2.5
ENSG00000261544	21.5	1.5	0.15	5.85	4.5	2.1	1.25
ENSG00000227706	0.15	0	0.05	10.55	4.55	0	0
ENSG00000233496	0.5	0.3	0	5.5	4.55	0.2	0.3
ENSG00000224078	10.5	167	5	16	4.6	11	10
ENSG00000197301	5	6.95	6	7.5	4.65	10	22
ENSG00000261692	4.05	5.15	3.15	5.25	4.65	1.1	1
ENSG00000237371	0.9	0.15	0	6.5	4.7	0	0
ENSG00000117242	5	6	3.8	13.5	5	6.5	8.5
ENSG00000179406	4.5	6.5	0.85	3.5	5	1.2	2
ENSG00000184068	9	8	3.5	4	5	1.35	2.5
ENSG00000203865	10.5	3.5	1.2	8.5	5	2.5	2
ENSG00000214106	8.5	2.5	2.55	5	5	4	4.5
ENSG00000223891	2.5	6.5	1.3	4	5	2.5	1.4
ENSG00000225439	2	19	8	4.5	5	3.35	1.3
ENSG00000228237	10	4.5	0.45	7	5	2	2
ENSG00000229388	7	2.25	0.35	1.5	5	0.7	0.55
ENSG00000230325	4	2.95	0.75	5.5	5	2.5	4
ENSG00000231566	0.75	15.5	7	1.1	5	7	16
ENSG00000232118	5.5	4.5	1.45	4.5	5	2.5	3.5
ENSG00000232940	6	2.5	0.5	3	5	1.35	0.75
ENSG00000232973	0.75	43.5	2.5	0.3	5	0.1	3.5
ENSG00000235204	19	2.5	3.5	12.5	5	8	4
ENSG00000236618	2.35	18	10	8	5	15.5	3.1
ENSG00000238198	6.5	5	1	6	5	0.85	3
ENSG00000245060	23.5	5	2.5	6.5	5	4.5	6
ENSG00000245156	4.5	5	1	8	5	1.5	3
ENSG00000248431	1.4	3	0.2	5.15	5	0.45	0.45
ENSG00000248508	5.5	5	1.1	2	5	2	1.5
ENSG00000249673	7.5	10.5	10	5	5	6	17.5
ENSG00000250015	14	9.5	1	11	5	5.5	5
ENSG00000250073	3	0.6	0.05	10	5	0.35	0.1
ENSG00000251136	19	9.5	0.75	5	5	3.5	3.5
ENSG00000251666	6	4.5	0.35	3.5	5	0.7	0.9
ENSG00000254254	8	8.5	0.15	6	5	0.65	2.35
ENSG00000254635	7	5	7.5	5	5	9.5	6
ENSG00000255503	10	2	0.3	0.95	5	0.45	1.45
ENSG00000257086	2	20	3.1	5	5	6	5
ENSG00000258765	13	5.5	0.55	11	5	2.4	1.45
ENSG00000259298	8	2.5	0.2	4	5	2.5	2.5
ENSG00000259515	1.5	3	1	5.5	5	1.9	3
ENSG00000260083	6.5	3	0.8	2	5	1.5	0.65
ENSG00000260285	4.5	5.5	0.4	1.35	5	0.35	0.85
ENSG00000260884	7	3.5	0.5	5.5	5	2	0.5
ENSG00000260912	4.5	7.5	7.5	4	5	1	3.5
ENSG00000242861	5.5	2	1	1.75	5.1	2.35	1.5
ENSG00000243415	0.1	1.55	2.4	8.45	5.1	11.85	2.7
ENSG00000259240	1.1	5.5	1	1.35	5.15	0.05	0.6
ENSG00000261369	10.35	8.8	0	5.9	5.15	2	3.6
ENSG00000249894	3.3	11	0.2	4.5	5.2	1.1	1.3
ENSG00000226240	4.45	7.5	1.75	3.45	5.3	0.3	1.2
ENSG00000231609	0.95	0.95	0.5	0.8	5.3	0.55	1.5
ENSG00000254837	1.5	2	1.5	0.35	5.3	1.4	1.9
ENSG00000257698	6	1	1	3	5.3	4.5	1
ENSG00000230696	1	3.5	0.2	8	5.35	0.55	1.1
ENSG00000258053	4.2	11	0	3.15	5.35	0.6	1.75
ENSG00000258592	2.3	10	0.3	3.75	5.35	0.5	1.9
ENSG00000197670	14.5	5	1.35	3.5	5.4	0.9	1.85
ENSG00000151303	4.5	4.45	0.45	6	5.5	0.4	1.95
ENSG00000153363	6	4.5	1.8	1.5	5.5	2	1.5
ENSG00000179743	4	4.5	0.75	3.5	5.5	1.4	0.8
ENSG00000182165	28	21.5	28	31	5.5	27	17.5
ENSG00000185065	2	4.5	0.5	1.5	5.5	0.5	0.5
ENSG00000203279	1.25	18	1.65	2.5	5.5	0.4	1.5
ENSG00000204758	1.45	1.5	1.5	2	5.5	1.5	1.5
ENSG00000206249	3.5	5	2.5	8	5.5	0.05	2
ENSG00000206567	3.5	5	0.75	3.5	5.5	3	1.5
ENSG00000223764	0	1.8	0.05	0	5.5	4	0
ENSG00000223797	3	3	1.05	2.5	5.5	1.5	3
ENSG00000225891	8	2.8	0	3.95	5.5	1.45	1.65
ENSG00000227006	1.9	1.35	0.4	1.5	5.5	2.5	2.5
ENSG00000228649	13	15.5	3	7	5.5	17	9.5
ENSG00000229334	2.5	2.5	4	12	5.5	7	4.5
ENSG00000230454	1.95	2.5	0.45	3	5.5	1.5	0.65
ENSG00000231249	2	2	0.6	0.75	5.5	0.25	0.35
ENSG00000232995	6.5	1.5	0.2	0.8	5.5	1	0.85
ENSG00000233847	6	4.5	2	3.95	5.5	2.2	1.7
ENSG00000234281	7.5	3.2	0.15	0.75	5.5	0.75	1.35
ENSG00000234535	0.25	0.2	0.15	0	5.5	0.1	0
ENSG00000234678	4	4	1.35	2	5.5	0.7	0.6
ENSG00000234810	12.5	12.5	1.25	11	5.5	0.35	3.3
ENSG00000235016	5	5	1	10	5.5	3	2.5
ENSG00000235096	6.4	5.75	0	8	5.5	1.55	4.1
ENSG00000236200	4	4.5	3	4.5	5.5	2	2.5
ENSG00000236882	1.15	2	0	1.35	5.5	0.7	0.55
ENSG00000240207	0.65	1.8	0	2.3	5.5	0.85	0.2
ENSG00000241764	6	2	4.5	3	5.5	3	2.3
ENSG00000242553	5.5	1.5	0.5	4	5.5	2.5	1.2
ENSG00000243107	8.5	6.5	1.65	10.5	5.5	2	1.95
ENSG00000245275	8	4	0.55	14.5	5.5	4	3
ENSG00000246089	3	6.5	1.65	2	5.5	2.5	1.2
ENSG00000247572	2.5	8	0.6	4.5	5.5	2.5	2
ENSG00000248408	8	7	1.5	9.5	5.5	0.6	3.5
ENSG00000248714	6.5	7.4	3.2	4	5.5	1	1.15
ENSG00000250548	0.55	0.05	0.1	1.1	5.5	1.6	0.55
ENSG00000251417	4	4	1.85	5.5	5.5	0.8	2.5
ENSG00000253500	0.4	0.5	0.1	0.45	5.5	0.3	0.1
ENSG00000253854	15	7.5	1.85	7	5.5	1.5	3.5
ENSG00000255201	4.5	81.5	1	19	5.5	9.5	0.1
ENSG00000256897	12	6.5	0.2	7	5.5	1	1.9
ENSG00000257135	2.5	3.5	0.15	1	5.5	1.5	0.2
ENSG00000257702	0.35	0.65	0.5	5.5	5.5	1.1	0.1
ENSG00000257718	8.5	2.5	2.5	2.45	5.5	0	0.4
ENSG00000258474	1	0.1	1.75	0.2	5.5	0.05	1.35
ENSG00000258727	3.5	4.5	2	5	5.5	2.45	3
ENSG00000259083	2.4	2.9	0.35	2	5.5	1.2	0.55
ENSG00000259118	9	6.95	0.2	9.5	5.5	1.4	3.3
ENSG00000259230	0.05	1.4	0.3	0.05	5.5	0.2	1
ENSG00000259238	4	3	0.3	9.8	5.5	2.5	0.35
ENSG00000259642	6.5	9	1.55	7.5	5.5	2	3
ENSG00000259891	2	3	0.2	3	5.5	0.6	1.45
ENSG00000260126	14.5	12.5	0.9	8.5	5.5	0.25	4.5
ENSG00000260329	0.8	0.35	0.5	0.55	5.5	1	0.35
ENSG00000260578	0	4.5	0.15	0.6	5.5	7	0.3
ENSG00000260594	0.1	1.05	0	17	5.5	0.15	1.5
ENSG00000260796	2.5	2.9	0.1	0.75	5.5	0.3	1.65
ENSG00000261008	8	9	1.5	1.9	5.5	1.35	2
ENSG00000261207	6.5	12.5	0.45	16	5.5	5	5
ENSG00000261324	22.5	3	0.45	2	5.5	1	3.5
ENSG00000261783	2.5	5	2.5	4.5	5.5	3	3.5
ENSG00000229325	8.5	3.5	0.4	1.5	5.6	3.5	2
ENSG00000237336	8.65	6.25	0	2.65	5.7	0.2	0.05
ENSG00000261468	0	0.5	10.5	15	5.7	2	14.5
ENSG00000228261	4.65	4.7	1.05	20	5.75	6.5	4.65
ENSG00000233554	1.1	0	1	1.45	5.75	1.45	2.05
ENSG00000203280	1.15	2	1.7	17	5.8	0	3.5
ENSG00000260647	1.3	1.65	0.95	1.35	5.8	0.85	1.25
ENSG00000233184	4	2	3.5	5	5.85	9	7.5
ENSG00000233429	6	0	9.25	13	5.85	20	38.5
ENSG00000253880	5.45	5.35	0.1	8	5.9	0.65	1.65
ENSG00000257953	8	4.8	1.3	7.85	5.9	3.5	1.2
ENSG00000258820	0.5	7.35	0.4	2.6	5.9	2.1	1.8
ENSG00000154537	28	3.5	9.5	11	6	0.75	8
ENSG00000172965	0.8	1.95	5.5	38.5	6	23	8.5
ENSG00000186615	3.5	5	1.4	1.5	6	1.5	2
ENSG00000196634	3.5	5	0.95	7.5	6	0.8	2.5
ENSG00000197813	7	7.5	0.5	8.5	6	4.5	0.6
ENSG00000203364	4	6.5	1.45	11	6	0.55	3.5
ENSG00000205664	12	6	7	7.5	6	10.5	9
ENSG00000214293	3	4	2.5	3	6	5	1.95
ENSG00000221817	3	1.5	1.65	3.5	6	3	3
ENSG00000223542	0	0	0	0	6	1.1	0
ENSG00000225578	7	5.5	0.85	5	6	2.5	1.5
ENSG00000226088	2	0.85	0.1	0.25	6	0.7	0.15
ENSG00000226562	0.05	7	0.15	2	6	4.5	1
ENSG00000228470	3.15	1.7	5.5	7.5	6	7	7
ENSG00000229780	9	2.5	0.45	3.5	6	0.8	0.45
ENSG00000230269	0.05	2.5	0	0.05	6	0	0
ENSG00000230615	0.15	0.35	0.15	0.45	6	1	0.3
ENSG00000230896	11	2.5	3.15	4.5	6	8.5	5.5
ENSG00000231806	1.5	10	0.6	1.5	6	0.3	0.5
ENSG00000232874	0.55	1.45	0	2	6	0.85	0.2
ENSG00000233056	0.4	9	0	0.5	6	0.3	0.55
ENSG00000233246	2.95	1.3	0.15	0.3	6	0.6	1.1
ENSG00000233538	5.5	6.5	1.2	4.5	6	2.7	2.5
ENSG00000234203	1.4	2.65	0	2.35	6	0.25	0.3
ENSG00000234694	3.5	3	5.5	0.85	6	0.55	2.5
ENSG00000237331	8.5	4	4.25	7	6	0.75	1.5
ENSG00000238035	4	16.5	1.25	6.5	6	1.9	5.5
ENSG00000240498	3	1.15	0.85	2.3	6	0.9	0.9
ENSG00000245571	7.5	9	2.35	3.5	6	6.5	4
ENSG00000246263	16.5	6	1	2	6	4.5	2.5
ENSG00000246582	7	4	4.5	3	6	0.1	1.5
ENSG00000246859	15.5	17.5	0.25	20.5	6	33	0.95
ENSG00000248318	3.45	3.75	0	0.45	6	0.5	0
ENSG00000249550	4.5	2.5	0.3	0.5	6	0.05	0.2
ENSG00000250158	6.5	2	0.5	0.6	6	2	18.5
ENSG00000250899	0.65	26.5	3	7.5	6	4	1.5
ENSG00000253930	3.5	2	4	0.9	6	0.2	7.5
ENSG00000254397	4.5	7	1.85	4.5	6	3.5	3.5
ENSG00000254688	0	6.2	0	5.5	6	5.7	2.1
ENSG00000255031	4	1.85	1	3.5	6	3.95	1.15
ENSG00000257337	3.5	5	3	2.5	6	1.5	2.5
ENSG00000257497	9	2	3	6	6	10.5	10
ENSG00000258056	4	4	2.4	2.5	6	6.5	1.8
ENSG00000258646	5	1.4	2.5	4.5	6	0.95	1.8
ENSG00000259265	0	0.05	0.2	0	6	0	0
ENSG00000259442	11.5	8.5	0.65	1.9	6	0.7	1.45
ENSG00000260095	6.5	7	4.15	5	6	0.8	0.25
ENSG00000260289	3.5	0	0	0	6	0	0
ENSG00000261114	5.5	1	0.5	8.5	6	5	2
ENSG00000261305	0	0.95	0	0	6	0	0
ENSG00000261455	6.5	1.75	1	3.3	6	0.55	0.6
ENSG00000261821	0.9	2	0.1	0.55	6	0.1	0.25
ENSG00000204876	0	0	0	0.05	6.05	0.2	0
ENSG00000222033	0.05	0.1	0.05	0	6.2	0	0
ENSG00000232803	0.65	0.3	0.15	0.1	6.25	0.1	0
ENSG00000257222	13	1.2	0.35	0.35	6.3	0.55	1
ENSG00000234230	0.25	0.4	0	0.35	6.35	0.05	0
ENSG00000130600	0.05	4.45	0.5	1.65	6.5	0.05	5.5
ENSG00000176124	2.5	4	1.75	1.5	6.5	1	1.5
ENSG00000204949	0	0.15	10	0.15	6.5	0	6.5
ENSG00000213742	2.5	5	1.5	1.5	6.5	1.45	2
ENSG00000214691	0	0	0	0	6.5	0.15	0
ENSG00000215039	28.5	5	2.6	12	6.5	6.5	3.5
ENSG00000215841	7.5	10.5	5	13	6.5	0.7	4.5
ENSG00000224276	0.7	0.3	0	0	6.5	0.1	0.35
ENSG00000224536	3.5	0.1	1	0.65	6.5	0.95	1
ENSG00000224621	0.05	1.25	3	1.5	6.5	1.3	2.45
ENSG00000225361	0.2	2	0.8	0.8	6.5	0.55	0.9
ENSG00000226328	6.5	13.5	10	7.5	6.5	5.5	16.5
ENSG00000226330	4.5	0.25	0	2.4	6.5	0.05	0.35
ENSG00000227161	9.5	3	0	2	6.5	3.5	3
ENSG00000228109	1.35	3.5	1	3	6.5	2.1	1.15
ENSG00000228150	4	4.5	1.95	1.1	6.5	0.4	1.5
ENSG00000229692	9.5	4	0.35	1.45	6.5	2	2
ENSG00000230613	1.65	3	0.4	0.6	6.5	0.3	0.2
ENSG00000231310	7.5	9.95	0.4	10.85	6.5	7.05	11.25
ENSG00000231889	5.5	6	0.75	4.5	6.5	1	0.7
ENSG00000234206	0.15	12.5	0	4.2	6.5	1.85	0
ENSG00000234361	1.05	7.5	0	28.5	6.5	1.65	4.25
ENSG00000235781	5.5	8.5	0.25	5	6.5	0.7	3.5
ENSG00000236308	4	0.95	1	1.5	6.5	1.3	0.5
ENSG00000236526	1.5	3.9	0.6	1.7	6.5	2.25	1.3
ENSG00000236753	2	2.5	2.5	1.25	6.5	2	2
ENSG00000237491	10.5	4	1.15	4	6.5	3	2
ENSG00000237590	12	0.05	0	0	6.5	0	0
ENSG00000237851	13	3.45	0.15	4.15	6.5	0.6	2
ENSG00000238107	0	0.35	0.15	0	6.5	0	0.05
ENSG00000239523	4	7	2	3.5	6.5	5	4.5
ENSG00000246465	2	11	1.75	2	6.5	0.25	0.7
ENSG00000247473	4	5.9	0.2	4.3	6.5	0.55	2.1
ENSG00000248049	11	5.5	5	5	6.5	5	12
ENSG00000249234	9.5	8.1	0	2.5	6.5	1.15	0.6
ENSG00000249492	3.5	0.8	0.45	1.5	6.5	1.5	1
ENSG00000251276	0	0	0	14.9	6.5	8.3	0.15
ENSG00000254143	0	0	0	0.15	6.5	0.5	0
ENSG00000257475	8	9	2.5	8	6.5	2	5
ENSG00000257605	6	5	8	8	6.5	13	3
ENSG00000258050	4	4	0.45	10	6.5	0.5	3.5
ENSG00000258460	0	0	0	0	6.5	0	0
ENSG00000258904	2.5	4	2.85	4.5	6.5	1.45	2.35
ENSG00000259659	6	3	1.1	3	6.5	1.5	1.5
ENSG00000259736	5.5	6	0.15	1.95	6.5	1.25	0.45
ENSG00000259768	4.5	5	4	2	6.5	2	2
ENSG00000259877	3	4	0.8	2.5	6.5	3	1.5
ENSG00000260000	4	2	0.5	0.35	6.5	3	1.05
ENSG00000260257	5	15.5	8	12	6.5	6.5	7
ENSG00000260808	3.4	6	0.1	8	6.5	1.4	1.8
ENSG00000260942	7.5	5	1.5	2.5	6.5	0.85	0.9
ENSG00000260948	5	5.5	0.6	8.5	6.5	0.8	2.5
ENSG00000261441	3.3	2	1.1	2.85	6.5	1.8	0.65
ENSG00000261476	6	4	0	3.5	6.5	0.7	1.7
ENSG00000261553	2.5	1.7	1.6	1.9	6.5	12.5	3
ENSG00000260953	1	0.35	0.25	3.3	6.55	1.9	0
ENSG00000224057	0	0.35	1.3	1.05	6.65	1.45	11.5
ENSG00000261633	0.05	0.25	0.85	0.55	6.7	0.1	3.15
ENSG00000197182	0.2	2.5	5.5	7.5	6.95	3	12.5
ENSG00000215196	1.3	2.5	0.05	1.65	7	0.2	0.6
ENSG00000223745	35.5	10.5	1.9	5.5	7	6	9
ENSG00000223901	9	10	6	18	7	3	13
ENSG00000225365	0	1.55	0	0	7	0	0
ENSG00000225484	9.5	6.5	3	11.5	7	3.5	6.5
ENSG00000225506	10	20	1	12.5	7	0.25	4
ENSG00000225975	7.5	3	1	2.5	7	2	1.5
ENSG00000226155	5.5	5.5	2	8.5	7	0.35	3.5
ENSG00000226352	6	3	0.15	6	7	2	2.5
ENSG00000226824	3.5	8	2.5	6	7	7.5	5.5
ENSG00000227698	6	5.5	0.3	4	7	1.5	1.7
ENSG00000228350	2.5	7	0.85	2.5	7	1.85	0.35
ENSG00000228794	5.5	5	5.5	4	7	5	4.5
ENSG00000228889	1.5	5	1.5	1.5	7	1.5	3
ENSG00000229931	17	1.5	0.45	3	7	3	1.5
ENSG00000230424	8	2.5	0.6	5	7	2	2
ENSG00000230612	19.5	7.5	1.25	12	7	1.5	5
ENSG00000231113	10	10.5	3	8.5	7	3	2.5
ENSG00000232470	7	3.5	1	1.5	7	1.1	0.5
ENSG00000232671	4	11.5	2	1.5	7	2	0.15
ENSG00000233223	4	7	4	4.5	7	3.4	1.25
ENSG00000233250	4	4	2	4.5	7	3	3
ENSG00000233251	18	17.5	0.9	33.5	7	6	6
ENSG00000235244	13.5	11.5	0.45	3.7	7	0.55	3.85
ENSG00000236065	9	2.25	0.05	2.25	7	0.6	1.15
ENSG00000237484	10	8	0.7	9.5	7	0.65	3.9
ENSG00000238123	5	2.5	1	0.6	7	2.45	1.5
ENSG00000242086	5	4	5	4	7	3.5	3
ENSG00000244055	10	3	2.7	1.3	7	2.5	3.5
ENSG00000248458	13	7.5	0.35	28	7	4	2.5
ENSG00000249641	0	0	3.55	0	7	0	2.05
ENSG00000250033	1.5	1.05	0.3	4	7	1.15	0.65
ENSG00000255495	0.75	14	4	6	7	9.5	4.5
ENSG00000255874	0.7	0.7	0.25	1.45	7	4.5	0.35
ENSG00000256250	3.5	6.5	0	9.5	7	2	1.65
ENSG00000257303	4	3.5	2.5	5.5	7	2.85	1.3
ENSG00000257815	8.5	12.5	1	5.5	7	2	1.5
ENSG00000258867	0.75	0	0	0	7	0	0
ENSG00000259408	0.4	2.5	0.5	4	7	2.5	4.5
ENSG00000259774	7	7.5	0.45	5	7	2.5	4
ENSG00000260233	5	3.5	0.45	2	7	0.55	0.85
ENSG00000260804	6.5	24	6	21	7	14	8
ENSG00000261220	6	1.5	3.5	4	7	7	0.15
ENSG00000258451	0	2	0	0.4	7.05	0.05	0.05
ENSG00000235902	0.1	14.5	0	18	7.1	0	0
ENSG00000229915	4.5	2.5	0.5	3	7.15	8.5	0.65
ENSG00000178107	0.2	0	0	0	7.3	0	0
ENSG00000225092	13	4.7	0.45	8.25	7.3	1.65	5.15
ENSG00000241560	1.35	0.3	0	7.75	7.35	2	0.25
ENSG00000223749	0.45	1.25	2	24	7.5	46.5	43.5
ENSG00000224063	0.05	0.6	0.1	27	7.5	4.65	0.55
ENSG00000225087	0.05	9.5	0	0.45	7.5	0.15	0.8
ENSG00000225762	3.5	2.55	0.4	7.5	7.5	2	2
ENSG00000225791	4.5	5.5	1.5	3.5	7.5	7.5	2.5
ENSG00000227214	1.5	11	2	5.5	7.5	1	3.5
ENSG00000227388	15	3	0.35	0.6	7.5	0.05	0.5
ENSG00000228137	4	1.5	0.35	1.5	7.5	0.7	1.5
ENSG00000228369	12	6.15	0.15	3.1	7.5	1.5	1
ENSG00000228634	9.5	1	0.25	3.45	7.5	3.5	1.5
ENSG00000229323	0.15	5.6	0	0.5	7.5	0.15	0
ENSG00000231305	1	2	0.45	0.75	7.5	1.1	1.3
ENSG00000233367	13	10.85	0.2	10.5	7.5	2.05	2.3
ENSG00000233376	0	0	0	0	7.5	0	0
ENSG00000233527	7.5	3.5	1.6	4	7.5	2.5	2
ENSG00000236088	9	3.5	1	2	7.5	2	2.5
ENSG00000236194	5	3.3	0	3.15	7.5	1.15	0.35
ENSG00000237883	13	6	5.5	2.5	7.5	3.5	7
ENSG00000245149	6.5	2	0.6	1.5	7.5	1	1
ENSG00000246560	6.5	7	2	4	7.5	4.5	4.5
ENSG00000246695	0.3	4	2.05	4	7.5	5.5	1.85
ENSG00000250081	9.5	2.5	1.5	3	7.5	1.95	1
ENSG00000254604	2.5	6	0.35	6	7.5	0.65	2.5
ENSG00000258026	0	6	0	0	7.5	0.1	0
ENSG00000259488	3.5	4	0.35	1.5	7.5	0.65	0.45
ENSG00000260177	0.6	0.15	0.15	0.25	7.5	0.05	0.2
ENSG00000260276	5	6	1	5.5	7.5	3	3
ENSG00000260920	12.5	14.5	4.1	4.5	7.5	7	3
ENSG00000261135	8.5	7.5	0.3	0.65	7.5	0.9	0.6
ENSG00000224138	2.5	0.35	0.5	2	7.9	3	2.5
ENSG00000231119	18	5.25	0.65	6	7.9	1.5	3.5
ENSG00000236772	2.35	3.5	0.2	12.5	7.9	1	1.55
ENSG00000251026	2.9	7	0	1.2	7.9	0.25	0.25
ENSG00000203739	3.5	10	0.5	3.5	8	1.5	1
ENSG00000204620	6.5	6	0.7	12.5	8	2	4
ENSG00000224790	3	4	0.45	2.45	8	1.45	0.5
ENSG00000224914	5.5	9.5	10	15	8	4.5	11.5
ENSG00000225032	2	3.5	1.5	17.5	8	2.5	1.25
ENSG00000227071	10	4.25	0.3	9	8	1.3	2.2
ENSG00000228043	7.5	4	0.5	3.5	8	1.45	4
ENSG00000228950	0	0.2	0	6	8	0.5	0
ENSG00000229167	1.1	0.1	1.5	7	8	0.1	2
ENSG00000229950	0.85	0	2	0.05	8	0.55	4
ENSG00000230733	3	17.5	20.5	16.5	8	8.5	12
ENSG00000231064	0.05	23.5	0.5	2.5	8	1.75	1.5
ENSG00000231890	22.5	7.5	2	13	8	0.95	3
ENSG00000232034	0	0.6	0.1	12.5	8	2.65	6
ENSG00000234509	6.5	9	1	8	8	1.2	2
ENSG00000242474	0.2	5	0.4	1	8	1	0.5
ENSG00000242767	3.4	2.4	2	12.5	8	0.45	2.55
ENSG00000244332	3	9	0	0.65	8	0.6	0
ENSG00000248476	10.5	5.5	0.15	5	8	8.5	4.5
ENSG00000249228	14	24.5	0.45	17.5	8	1.2	6
ENSG00000250159	9	0.05	0.35	1.35	8	0.35	1.5
ENSG00000254064	3	7	6.5	4.5	8	3	1.5
ENSG00000255348	7.5	10.5	2	12.5	8	2.5	3
ENSG00000255362	0.2	0.15	0	0	8	0.15	0.1
ENSG00000255910	3.5	2.65	0	4	8	0.05	1.5
ENSG00000256185	21.5	6.5	2	18	8	0.85	3
ENSG00000256967	7	3.5	5	3	8	3.75	5.5
ENSG00000258521	9.5	7	1.75	20.5	8	2	1.35
ENSG00000258620	0.45	2.5	0	4.5	8	0.5	0.3
ENSG00000259972	6.5	8	0.5	6.5	8	3	3
ENSG00000260219	4.5	6	2	5	8	2.5	2
ENSG00000260774	2.5	4.5	0.25	2	8	0.5	1.5
ENSG00000260917	6	5.5	3	6.5	8	4	4
ENSG00000260997	9	0.05	0	0.05	8	0	0
ENSG00000230647	0.35	1.3	1.1	0.6	8.05	0.2	0.1
ENSG00000235852	11.5	7	2.05	17.85	8.1	3.8	3.6
ENSG00000259347	0.05	0.05	0	0.1	8.1	0.15	0
ENSG00000255968	44.5	7.5	0.15	22	8.25	0.5	2.85
ENSG00000253738	6.5	2	3	1.5	8.4	5.5	3.8
ENSG00000233799	6	7.5	0.25	10	8.45	3.5	1.5
ENSG00000179523	4	4.5	2.5	3	8.5	3.5	2.5
ENSG00000179818	14	6	0.7	4	8.5	0.8	1
ENSG00000203402	5.5	7.5	4.5	14	8.5	3	5.5
ENSG00000215067	11	4.5	2	10	8.5	2.3	2.5
ENSG00000223546	7.5	14.5	2.15	9.5	8.5	4.5	5
ENSG00000228393	7.5	1.5	0.7	6	8.5	2	2
ENSG00000229005	0	0.05	0	0	8.5	0	0
ENSG00000230394	22.5	15	0	1.75	8.5	0.35	3
ENSG00000235635	7.5	16.5	0.15	13	8.5	0.5	1.8
ENSG00000236081	1.35	0.05	0	0.5	8.5	0.05	0
ENSG00000236559	8.5	4.35	4.5	6	8.5	2.2	5.35
ENSG00000246273	1.5	2.5	0.5	1.9	8.5	3.5	2
ENSG00000247199	0.65	0.85	0.05	1.15	8.5	0.1	0.4
ENSG00000248607	0	0.2	0	0.2	8.5	0.05	0
ENSG00000248693	37	0	0	0	8.5	0.15	0
ENSG00000249216	0	1.05	0	3.25	8.5	0.05	0
ENSG00000253106	5.5	4.5	0.55	5.5	8.5	2	2.5
ENSG00000254258	11.5	26.5	6.5	8.5	8.5	4	5
ENSG00000255468	4	5.5	3.5	4	8.5	0.85	1.5
ENSG00000256746	5.5	2.55	0.25	4.2	8.5	0.6	0.5
ENSG00000258634	2.5	14	3.5	7.5	8.5	2.5	6
ENSG00000259563	6.5	6	1	6	8.5	1.5	1.5
ENSG00000259782	6.5	7	3.5	13	8.5	1	5
ENSG00000261116	0	1.4	11	0	8.5	0.05	35
ENSG00000235669	1.1	3.8	0.1	2.05	8.55	0	0
ENSG00000196696	8	12.5	5.1	15	9	6.5	6
ENSG00000204261	31	1	0.5	1.4	9	1.35	1.05
ENSG00000223969	3.5	1.4	0.3	1.65	9	0.8	0.1
ENSG00000225226	10.5	403.5	2.9	11.5	9	0.7	2.5
ENSG00000225855	15.5	3	4.2	6.5	9	2.35	8
ENSG00000226332	6.5	6	3.3	8.5	9	3.5	5
ENSG00000227518	11	3.5	4	2.5	9	6.5	2.5
ENSG00000228368	10.5	5.7	0.4	10.5	9	1.05	3.1
ENSG00000228630	0	0	0.4	0	9	0	2.9
ENSG00000229625	6.5	8	1.65	11	9	1	4.5
ENSG00000229728	6.5	7	1.25	7.5	9	2	2.5
ENSG00000231081	8.5	0.5	0.35	7	9	1.5	0.25
ENSG00000231530	14.5	15.5	7	20	9	6	9
ENSG00000235437	3.5	8.5	3.5	9	9	4.5	4
ENSG00000235493	15	10	2.25	11	9	1.35	4.5
ENSG00000235837	0.05	6	2.6	10	9	4.5	4.5
ENSG00000236364	8.5	11.5	1.5	12	9	3	3.5
ENSG00000236896	9	1.65	0.15	2.6	9	1.25	1.2
ENSG00000240350	1.5	4.05	0.1	103	9	24	5.85
ENSG00000247240	12	10.5	3.5	3	9	2.5	3.5
ENSG00000248275	8	14.5	4.5	19	9	6.45	2.5
ENSG00000254639	0	0.6	0.5	1.15	9	2	0.2
ENSG00000255557	1.1	1.35	0.3	0.25	9	0.4	1.15
ENSG00000256940	0.95	3.5	16.5	7.5	9	12.5	19.5
ENSG00000259250	6	3.5	3.2	8	9	4.5	6
ENSG00000260565	11.5	5	2	9	9	5	6.5
ENSG00000260924	5.5	6.5	2	4	9	1.5	1
ENSG00000261159	1.2	1.9	0.25	0.75	9	1.05	2.05
ENSG00000261775	14	10	0.5	3.95	9	1.3	1
ENSG00000259485	7	27	0.15	6.5	9.35	0.75	2.65
ENSG00000187951	12.5	5.5	2.5	5.5	9.5	4.5	2.5
ENSG00000215808	1.5	1.95	4.5	0	9.5	0.7	2.5
ENSG00000223482	11.5	9.5	5.5	13	9.5	7.5	8
ENSG00000226237	0.35	0.5	0.3	0.6	9.5	0.35	0.3
ENSG00000227403	12.5	2.5	4.5	0.1	9.5	0	7
ENSG00000228434	12	10	2.5	12	9.5	3.8	7.5
ENSG00000231073	3.45	12.5	4.35	5.9	9.5	0.8	1.75
ENSG00000231177	14	18	2.45	12	9.5	2.5	4.5
ENSG00000231663	7.5	4.5	2	4.5	9.5	2.9	1.25
ENSG00000235499	16	8	8	7	9.5	1	3
ENSG00000236519	2.5	3.5	0.5	1.3	9.5	0.55	0.5
ENSG00000236751	0.3	1.3	4	1.5	9.5	0	9
ENSG00000236869	7.5	18.5	1.5	7	9.5	3.5	5
ENSG00000238113	25	1.15	2.5	3.5	9.5	2	4
ENSG00000239415	5	6.5	1	3.5	9.5	1	3
ENSG00000241388	2	2.5	0.35	3	9.5	0.25	1.3
ENSG00000247516	0	2	0.5	1	9.5	1.45	1.25
ENSG00000247903	19	7.5	15	6.5	9.5	3	11
ENSG00000250208	0.15	0.15	0	0.1	9.5	0	0.25
ENSG00000250950	16.5	11.5	0.25	9	9.5	9	2.5
ENSG00000253270	0.25	0	0	15.75	9.5	2.75	0
ENSG00000254428	6	10.5	2	11	9.5	10	8.5
ENSG00000255737	0.4	2.9	29	52.5	9.5	41	18
ENSG00000255857	5	14.5	4	6	9.5	3.5	3.5
ENSG00000256073	5	3.8	4.1	12.5	9.5	8	2
ENSG00000257261	13.5	18.5	1	9.5	9.5	3.5	4
ENSG00000258168	15	0.35	0.15	8.5	9.5	0.15	0.3
ENSG00000260077	0.3	10	1.5	9	9.5	1.75	1.2
ENSG00000261799	7.5	8	2	10.5	9.5	2.5	6
ENSG00000231172	3	6.8	1.1	17	9.85	2.3	2.25
ENSG00000258096	1.75	1.65	3.4	5	9.9	4	1.95
ENSG00000223374	10	8	1	8	10	9	6
ENSG00000223404	0.15	0.05	0	0	10	0	0
ENSG00000224189	0	0.1	0.05	16	10	0	0
ENSG00000226696	9.5	7	5	7	10	4	3
ENSG00000226738	0	0	0	0	10	0.2	0
ENSG00000230337	1.45	3.5	2.5	2.05	10	1.05	1.35
ENSG00000232527	4	2	4.5	17	10	41	23.5
ENSG00000234684	12.5	8.5	2.5	31.5	10	3.5	5
ENSG00000235523	1.2	0.75	0	0.15	10	0	0
ENSG00000236591	213.5	45	0	0.5	10	3	1.85
ENSG00000236810	5	5	2.5	2.5	10	2.5	3
ENSG00000237310	4	22	4.5	6	10	2.3	1.5
ENSG00000237934	6.5	6.5	0.25	5.5	10	1.5	3.4
ENSG00000242659	8.5	6.5	0.2	11	10	2.2	1.45
ENSG00000245970	10	6	1.25	5.5	10	5.5	3.5
ENSG00000250764	4.5	8.5	1.75	8.5	10	2.5	3
ENSG00000255966	16	6.5	0.5	1.6	10	2	0.2
ENSG00000256712	37	28	0.25	17.5	10	6.45	5.4
ENSG00000258325	3	2.5	0.5	1.8	10	0.8	0.2
ENSG00000259116	33.5	3.5	0.45	3	10	3.5	3.5
ENSG00000259932	29.9	8.75	3.1	3.55	10	1.1	3.5
ENSG00000260279	4	11.5	6	19	10	4.35	9
ENSG00000260608	22	14	0.15	5.8	10	3.75	1.2
ENSG00000260635	7.5	6.5	1	13	10	5.5	4
ENSG00000261270	10.5	3	4.5	12.5	10	10	3
ENSG00000174365	7.5	10	4	7.5	10.5	6.35	5.5
ENSG00000206532	0.1	88	0.2	2	10.5	2	0
ENSG00000213062	4	4.5	2	1.35	10.5	0.9	1.5
ENSG00000215241	12	16	2	9	10.5	6.5	4
ENSG00000230392	10.5	28	0.65	13.5	10.5	1	5
ENSG00000230439	0.15	2	104.5	0.8	10.5	0.4	12.5
ENSG00000230606	11	2.9	1.95	10	10.5	4	6.5
ENSG00000233901	0.4	6	45.5	0.55	10.5	2.25	29.5
ENSG00000241886	2	1.3	0.1	0.5	10.5	2	0.05
ENSG00000245556	10	5	2.55	2.5	10.5	4	2.75
ENSG00000251179	0.7	1	0.1	0.3	10.5	1.5	0.45
ENSG00000253686	0.25	1.5	0.1	0.3	10.5	0.05	0.3
ENSG00000253754	12.5	12.5	0.4	11	10.5	5	5.5
ENSG00000254900	19	7.45	0.25	9	10.5	2.5	4.9
ENSG00000258123	22	15	0.55	26.5	10.5	2.5	5
ENSG00000258824	10	4.85	1.5	1.95	10.5	2.5	2
ENSG00000261188	5	5.5	1	1.5	10.5	2	1.65
ENSG00000261829	3	2.5	0.85	3.5	10.5	0.1	2
ENSG00000215424	7	9	1.6	3.5	11	1.5	3
ENSG00000225218	3	8	0.25	2.25	11	1	1.8
ENSG00000225393	5.5	10.5	2.5	8.5	11	5	5.5
ENSG00000225889	28.5	65	0.55	18	11	0.55	8.5
ENSG00000226419	7.5	6	1.25	4.5	11	2	3.5
ENSG00000230176	0	0.55	0.1	0.65	11	0.6	0.1
ENSG00000231607	10	3	2	4	11	3	2
ENSG00000234771	6	8	3	6	11	2.2	4.5
ENSG00000235919	10.5	10.5	1.75	2.5	11	2	1.5
ENSG00000239407	5.5	10	4	8	11	7	5.5
ENSG00000242588	9	12	6.5	17.5	11	9	9
ENSG00000245105	0.65	6.5	1.15	5.5	11	0.3	0.2
ENSG00000247828	18	7	1.8	3	11	3	4
ENSG00000249409	17	14.5	5.5	16.5	11	1.65	6
ENSG00000253103	9	5.5	0.15	14.95	11	1.85	4
ENSG00000253190	20.3	8.65	0.35	2.6	11	2.2	1.55
ENSG00000254554	0.2	10	1.5	1	11	5.5	3.4
ENSG00000258682	9	6	2	8	11	4.5	3.5
ENSG00000259519	8.5	11	4.2	19	11	0.7	7
ENSG00000261326	9.5	2.5	0.75	2.5	11	2.5	2.5
ENSG00000261824	4	6.5	5.5	3	11	3.5	4.5
ENSG00000224875	4	1.65	0	1.1	11.1	0.55	0
ENSG00000254044	4.15	17	0	5.7	11.15	1.15	1.25
ENSG00000261094	8.5	2	1.25	0.95	11.3	0.7	0.5
ENSG00000204685	6	4.5	5	7.5	11.5	4.5	3.5
ENSG00000224660	15	4	2.25	14	11.5	7.5	5.5
ENSG00000228906	13.5	14.5	4	14.5	11.5	2.5	5
ENSG00000230082	1.5	1	2	2.5	11.5	0.65	2
ENSG00000233643	0	0	0	0.2	11.5	0.05	0
ENSG00000234476	0.15	0	0	0.1	11.5	0.15	0
ENSG00000234477	0.05	0.05	0.1	0.15	11.5	0.5	0.45
ENSG00000234567	0	0	0	0	11.5	2.1	0
ENSG00000238054	0	0	0	0	11.5	0	0
ENSG00000244124	3.95	5.5	0.5	6.5	11.5	2	2.5
ENSG00000250509	0.5	0	0	0	11.5	0	0
ENSG00000255121	4.5	13.5	5.5	3.5	11.5	3.5	1.5
ENSG00000255306	1	2	0.5	0.25	11.5	1.6	0
ENSG00000259287	2.5	10.5	1.5	12.5	11.5	5	10
ENSG00000261766	8.5	10.5	0.7	18.5	11.5	1.3	7
ENSG00000183562	10	6	1.85	9	12	3.35	3.5
ENSG00000223525	21.5	23	0.35	14.5	12	5	6
ENSG00000224020	39	9.5	2.5	10	12	3.5	4
ENSG00000224745	15.5	5	0.15	2.5	12	5.5	0.7
ENSG00000232324	0.05	4	1.5	1.8	12	1.25	0.1
ENSG00000233052	3.05	0.3	0	0	12	0	9.5
ENSG00000233613	12.5	34.5	0.35	11	12	4	3
ENSG00000234072	6.5	10	2.65	7.5	12	3	2.5
ENSG00000238266	0.1	3.5	14.5	0	12	1.5	7.5
ENSG00000245711	4.5	4	0.5	5	12	3.5	4
ENSG00000254682	55	70.5	12.5	25.5	12	5.5	3.5
ENSG00000256193	15	14	0.7	30.5	12	0.65	5
ENSG00000260084	7.75	11	0.45	5.5	12	1.1	4
ENSG00000260563	6	2.95	2.5	2.3	12	2.1	1.1
ENSG00000260975	12.5	5.5	0.25	13	12	1.3	4
ENSG00000261216	9.5	7.5	6	11	12	4	6.5
ENSG00000226453	2.5	2.5	0.1	0.1	12.1	0.1	1.5
ENSG00000171889	0	0.85	19.15	5.5	12.5	18.5	30
ENSG00000196741	8.5	2	0.45	1.5	12.5	3	0.6
ENSG00000203684	4.95	3.5	1	2.5	12.5	1.3	2
ENSG00000203999	0	0.8	0.3	1.95	12.5	0.7	0.15
ENSG00000216895	11.5	7.5	4	8.5	12.5	2.5	4
ENSG00000225914	23	21	0.6	20.5	12.5	6	7.5
ENSG00000228544	1.45	3	2.15	3.5	12.5	1.05	0.9
ENSG00000232300	10.5	14	2	12	12.5	2	2.5
ENSG00000238279	0.4	2.5	2.7	1.2	12.5	3.5	3.5
ENSG00000247137	5	3	1	3	12.5	2	2
ENSG00000251171	11.5	8.65	0	25	12.5	8	7.15
ENSG00000253217	0	0.75	0	0.05	12.5	0	0
ENSG00000256218	13	16	0.75	15	12.5	1.1	5
ENSG00000258344	8.5	9.5	4.25	2.75	12.5	0.85	1.4
ENSG00000259456	12	6.5	1.5	5	12.5	4.5	3.5
ENSG00000205885	14.5	3.5	7	2.5	13	3.5	7
ENSG00000215068	3	0.35	0.5	8	13	3.5	0.65
ENSG00000223768	1.65	10	2.5	15	13	21.5	6.5
ENSG00000224738	3.5	4.5	3.5	3.5	13	0.95	1
ENSG00000230438	10.5	7	0.05	26.5	13	0.3	1.15
ENSG00000233621	1.5	0.75	4	3	13	5	6
ENSG00000237414	18.5	10.5	0.5	17	13	1.3	7
ENSG00000244265	9.5	2.8	0.3	3.85	13	1.45	3.5
ENSG00000253716	12	12.5	1	3	13	2.75	2.5
ENSG00000260896	11.5	0.1	0	0.3	13	0.05	0.05
ENSG00000261526	14	7	1	5.5	13	2.45	1
ENSG00000261716	9.5	7.5	1	2.5	13	3	2.5
ENSG00000231969	5.5	4.5	0.2	18.5	13.1	1.25	1.15
ENSG00000231742	0	3	0.35	0.9	13.5	0.5	0.05
ENSG00000232533	3.5	15.5	14.15	26	13.5	45	14
ENSG00000233589	9	4.5	1.7	1.8	13.5	1.5	0.5
ENSG00000256473	1.8	2.15	0	0.5	13.5	1	0
ENSG00000260580	11.5	9.5	0.5	27	13.5	0	3.95
ENSG00000260949	3.45	9.5	2	7.5	13.5	1.5	4.5
ENSG00000215386	0.15	0.05	0.1	11.5	14	0.55	0.1
ENSG00000232098	9.5	10.5	6.5	10.5	14	5	6.5
ENSG00000233461	8.5	8.5	15.9	8.5	14	4.5	20.5
ENSG00000233559	19.5	3.2	0.35	8	14	7	6
ENSG00000233903	6	5	10	3	14	1.3	11
ENSG00000240731	10	19	10.5	26	14	16	13
ENSG00000244558	1.5	0.8	0	0.7	14	0.25	0
ENSG00000259735	4	9	0.5	23	14	1.05	8
ENSG00000261367	12	14	1.2	18	14	2	8
ENSG00000222041	4	4	13	65	14.5	51.5	18.5
ENSG00000224032	10.5	36.5	6.4	16.5	14.5	11.5	7
ENSG00000232352	1	8.5	0.2	3	14.5	3.4	0
ENSG00000232445	2.6	28	12.65	0.15	14.5	0.15	5
ENSG00000232545	15.5	20.5	0.45	25.5	14.5	7.5	7
ENSG00000257740	10	16.5	5.5	18.5	14.5	7.5	7.5
ENSG00000260708	11.5	22.5	3	8.5	14.5	5.5	2.65
ENSG00000225377	31	15.5	5.5	8.5	15	9	6.5
ENSG00000231365	5.5	6.5	5	5	15	2.5	5
ENSG00000232640	2	27.5	1	6	15	2	0
ENSG00000241168	29.5	23.5	2.7	36	15	2	9
ENSG00000257894	23.5	24	1.85	25.5	15	2.85	10
ENSG00000258441	12	33.5	4.5	30.5	15	17	17
ENSG00000259820	7.5	4.5	1	2.5	15	1.5	2.5
ENSG00000260693	3	0.75	1.5	11.5	15	5.5	1
ENSG00000178977	9.5	6	0.85	3	15.5	0.6	1.2
ENSG00000213121	39.5	38	0.55	36.5	15.5	8.5	15
ENSG00000231074	15	19	3	11	15.5	8	7
ENSG00000235884	1.5	8.5	13	8.5	15.5	5.5	6.5
ENSG00000244733	8.5	7.5	5.5	7	15.5	3.5	6
ENSG00000246334	8	5.5	2	2.5	15.5	1	2.45
ENSG00000249407	2.6	2.5	1	7	15.5	0.6	26.5
ENSG00000254860	7	4.5	0.5	3	15.5	2	4.5
ENSG00000177738	7.5	1.85	1.05	8.5	16	3.5	2.5
ENSG00000189229	2	5	0	1.25	16	0.5	1.1
ENSG00000213468	21.5	39.5	0.2	1.3	16	0.35	0.3
ENSG00000223960	26	5.5	5.5	9	16	5.5	10
ENSG00000227764	0	0	0	2	16	0.3	0
ENSG00000235245	9	16	5.5	16	16	9.5	5.5
ENSG00000236337	13.5	16	1	17.5	16	5.5	9.5
ENSG00000248323	0.05	0	0.35	0.75	16	1.15	0.25
ENSG00000259621	1.5	11.5	0	8.65	16	3	1.5
ENSG00000259712	74.5	14.5	1.15	15	16	1.25	14
ENSG00000260267	8	10.5	6.5	6.5	16	6.5	4
ENSG00000234327	14.5	2.9	1.5	1.1	16.4	1.6	1
ENSG00000204792	3.5	0	3.5	4	16.5	2	0
ENSG00000224817	0.25	0	0	0	16.5	0.1	0
ENSG00000226699	3	14	0	13	16.5	2.5	0
ENSG00000230551	21.5	8.5	4	11.5	16.5	6.5	21
ENSG00000234362	0.4	0.4	0	0	16.5	1.2	0
ENSG00000236199	84.5	3.5	5	13	16.5	14	8
ENSG00000246451	18	21.5	5.5	33	16.5	13	20
ENSG00000257167	7.5	6.5	1.7	2	16.5	1.2	0.2
ENSG00000234171	6.5	14.5	11	5.5	17	12.5	4.5
ENSG00000234614	29	28.5	10.5	9.5	17	3	2
ENSG00000251003	2	0.4	0.05	4.5	17	8	0.35
ENSG00000253616	5.5	2.5	0.5	1.4	17	2	1.5
ENSG00000257732	0	0	0	3	17	8.5	0.05
ENSG00000259104	36	28	0.45	31	17	1.25	6
ENSG00000225470	12.5	13	7	12	17.5	9	8.5
ENSG00000230177	23	13.5	1.5	12	17.5	4.5	11
ENSG00000250988	12	6	4	5.5	17.5	3	2.6
ENSG00000259212	4.5	0.65	0.25	2.75	17.5	3	0.8
ENSG00000260114	14	6	3.5	11	17.5	3	7
ENSG00000203497	10	10.5	4	7	18	2.25	2.5
ENSG00000237686	1.45	2.45	0.6	0.1	18	0.35	0.05
ENSG00000259943	14.5	5	2	3	18	4.5	2.95
ENSG00000132832	4.5	0.45	0	0.1	18.5	0.05	0
ENSG00000228028	31.5	27	1	22	18.5	1.7	23
ENSG00000229043	5.5	7.5	9.5	11.5	18.5	5.5	6
ENSG00000235313	9.5	19.5	1	16	18.5	7.5	5.5
ENSG00000236144	10.5	38	7.5	5.5	18.5	5	6
ENSG00000248092	12.5	3	1.5	4.5	18.5	2.5	1.5
ENSG00000254694	15.5	21	2	24	18.5	5.5	4.5
ENSG00000256879	0	0.4	0	12.5	18.5	0.2	0
ENSG00000260852	3	3.5	3.5	7	18.5	3.5	3
ENSG00000215256	16.5	13	20.5	12	19	10.5	11.5
ENSG00000231770	3.5	4.5	3	15.5	19	6	3
ENSG00000233016	9	19	6.25	30.5	19	10	8.5
ENSG00000236008	50	54	2.5	32	19	5.5	19.5
ENSG00000246067	15	5.5	1.1	6	19	4.5	4
ENSG00000259366	24	17	3.5	22	19	6.5	10
ENSG00000259976	1.45	0.65	2.5	8.5	19	5.5	0.7
ENSG00000254205	79	20.5	0.2	5.45	19.45	0.05	2
ENSG00000233006	1.4	2.5	1.45	1.95	19.5	0.6	8
ENSG00000255135	27	33.5	12	7.5	19.5	8.5	4.5
ENSG00000257596	13	7	0.7	2.5	19.5	1	1.1
ENSG00000261474	10	18.5	9	11.5	19.5	8.5	3
ENSG00000212978	7	3	12.5	6.5	20	8.5	10
ENSG00000230590	14	22	2.5	26	20	6.5	8.5
ENSG00000231721	31	4.5	2.5	8	20	5	6.5
ENSG00000234912	18	14	4.5	24.5	20	4.5	6.5
ENSG00000237523	0.05	0.9	2.05	1.35	20	8	0.7
ENSG00000259146	2.35	2	2.8	0.55	20	1.5	3
ENSG00000260196	0	1	2.5	4.5	20	1.5	3
ENSG00000229494	0.45	0	0	0	20.25	0	1.1
ENSG00000228106	5	3	1.5	2	20.5	4	1.75
ENSG00000235052	2.25	2	0.15	1.5	20.5	0.2	1.2
ENSG00000249042	0.35	3.5	4.4	2.5	20.5	8.5	5.5
ENSG00000260418	0	8	2.5	0	20.5	0.05	3.5
ENSG00000188242	5.5	4.5	4.5	4.5	21	6	2.95
ENSG00000227540	6.5	5.5	3.3	1.45	21	2.5	2
ENSG00000242522	37	21	0.4	33.5	21	1.75	6.5
ENSG00000250127	26	33	3.5	21	21	1.4	7.5
ENSG00000257027	1.5	30.5	2.5	10	21	4.5	5
ENSG00000258297	14	12	2.75	8	21	6.5	5
ENSG00000203362	21	13.5	12.5	8	21.5	3	8
ENSG00000251381	1.5	0.9	0.2	1.25	21.5	0.25	16
ENSG00000257647	15.5	654	1	39.5	21.5	10	18
ENSG00000257671	2.5	0.4	14	2	21.5	0.1	2
ENSG00000184224	27.5	47	6	21	22	9	14.5
ENSG00000235823	15	84	5	15	22	2.9	4.5
ENSG00000239569	23.5	14	8.5	14	22	6	3
ENSG00000226026	29.5	37	2.95	24	22.5	1.8	12
ENSG00000249413	2.5	3.5	0	1	22.5	0.05	0.25
ENSG00000186594	3	3	25	57	23	83	46
ENSG00000203993	8.5	18.5	5.75	9.5	23	8.5	5.5
ENSG00000232063	18.5	14.5	6	13	23	6.5	17
ENSG00000239705	7.9	2	0	7.5	23	0.45	0.35
ENSG00000253476	32.5	26	2	17.5	23	8.5	13
ENSG00000261706	0	0.15	0.1	0	23	0	0
ENSG00000238058	6	6	4	8.5	23.5	16	6
ENSG00000244879	10	19.5	2	3.5	23.5	1.5	5
ENSG00000249790	11.5	504	1.5	18.5	23.5	2	14
ENSG00000198496	8	11.5	4.5	6	24	6.5	8.5
ENSG00000203644	10	4	6.5	8	24	4	9.5
ENSG00000225479	7.8	5.65	0	21	24	5.55	0
ENSG00000234147	25	0.05	0	0.4	24	1.9	0.2
ENSG00000248360	43	31	5.5	39	24	10	13.5
ENSG00000251603	15	133.5	19	0.6	25	0.05	50
ENSG00000257621	21	9	3	15.5	25.5	9.5	7
ENSG00000224870	13.5	24.5	12	13	26	13	9.5
ENSG00000245648	5	0.5	5.5	19.5	26	0.2	9
ENSG00000223478	26	12	7.5	8	26.5	10.5	18
ENSG00000215417	23.5	19	1.95	3.5	27	3.5	2
ENSG00000247092	60.5	14.5	6.5	7.5	27	6	3
ENSG00000230844	13.5	9.5	3.5	8.5	27.5	10.5	3.5
ENSG00000255893	49.5	25.5	8	27	27.5	17	6.5
ENSG00000260025	0.2	5	2	25.5	27.5	21	9.7
ENSG00000245694	18	2.5	4.65	3	28.5	1.45	6.5
ENSG00000248008	8.5	13.5	20	10	28.5	13.5	17.5
ENSG00000248370	0.15	0	0	0	28.5	0	0
ENSG00000230952	0	0	0	0	28.55	0.05	0
ENSG00000228223	7.5	5	1.25	3.5	29	4.5	1.45
ENSG00000231948	0.05	0.35	0.2	0.6	29.1	0.5	0.5
ENSG00000206573	21.5	12.5	3.5	11	29.5	6.5	6.5
ENSG00000244300	0	0	0.1	15	29.5	2	0
ENSG00000233237	0.05	1.95	1.5	17	30	4	10
ENSG00000247134	60.5	80.5	10.5	2.5	30	13	6.5
ENSG00000227674	86	2.65	0.05	3.6	30.5	0.15	1.2
ENSG00000228506	35.5	26.5	3.5	16.5	30.5	7	5.5
ENSG00000227467	1.25	1.5	0.3	2	31	0	1
ENSG00000240541	0	0	0.2	0.35	31	1.25	0.35
ENSG00000249859	42	35	9	31.5	31	15	12
ENSG00000224093	1.85	1.55	2.75	8.5	31.3	3	6.5
ENSG00000234608	20.5	22.5	9	10	31.5	12	9.5
ENSG00000259256	0	0	0	0	31.5	0.05	0
ENSG00000245849	12.5	11.5	1.5	8.5	32	4	6.5
ENSG00000260552	0.05	1.4	1.5	0.65	32	1.65	0.3
ENSG00000231189	15.5	27.5	3.8	35	33.5	1.4	6.5
ENSG00000232093	1.35	6	4	5	33.5	0.7	2.25
ENSG00000249348	70	54	5	53.5	33.5	14	18.5
ENSG00000249572	11.5	19	3	8.5	33.5	4.5	3.5
ENSG00000260035	97	31.5	1.5	8	33.5	6.2	6.8
ENSG00000259623	16.5	8	8	7.5	34	14.5	8.5
ENSG00000196756	25	34.5	12.5	15.5	35.5	11	12
ENSG00000204054	0.8	1.5	2	11.5	36	5.5	2
ENSG00000251379	59	41	5.5	65	36	7.5	22
ENSG00000203875	47.5	58	49.5	58.5	36.5	72	57
ENSG00000251022	33.5	11.5	8	6.5	36.5	22	9.5
ENSG00000259865	67	5.5	3.15	10.5	36.7	5	12.45
ENSG00000226953	0.1	1.5	0	0.55	41.5	3	1.05
ENSG00000249731	82	72.5	6.5	80.5	43.5	15.5	28.5
ENSG00000197989	49.5	25	13.5	17	44	9.5	17.5
ENSG00000229953	5	0.55	10	6.5	44	0.25	0
ENSG00000234160	20	34	19.85	6	44	29.5	25
ENSG00000259380	91	76.5	8.5	77	44	14.5	28.5
ENSG00000206195	1.5	0.3	1.15	5	45	1	0.7
ENSG00000261061	21	8	11.5	7.5	47.5	5	5.5
ENSG00000251141	6	2	0.35	0.35	49	0.3	0.45
ENSG00000249614	78	48	4	97	50.5	10	20
ENSG00000235298	79.5	72.5	7	47.5	52.5	16	9
ENSG00000247556	63.5	53.5	21	13.5	54.5	9	31.5
ENSG00000224959	10.8	20	6.45	415.5	56	64	20.5
ENSG00000232774	71.5	71.5	3	73	57.5	11.5	27
ENSG00000229152	109	55.5	3.4	17	60.5	18	7.5
ENSG00000177337	4	8.5	3	32	61	5	6
ENSG00000232956	47	45	16	20.5	63.5	10.5	17
ENSG00000228343	40	40	32.5	68	65	43.5	49
ENSG00000243055	9	6	0.4	4.5	67	4	0.15
ENSG00000254153	41.5	61	0.6	93.5	67.5	2	19
ENSG00000206337	136.5	9	2.5	0.5	69.5	0.2	9.5
ENSG00000224799	49	38.5	7.5	101.5	70.5	5.5	20.5
ENSG00000250337	83.5	73	0.05	0.4	71.5	2.5	0.15
ENSG00000163597	68	106	85	49.5	84	85.5	112
ENSG00000260260	73.5	85	15	87.5	90	50.5	36
ENSG00000254054	0	0.05	0	0.1	91.5	0.05	0
ENSG00000226950	106	515	62	134	101	36	40.5
ENSG00000245910	83.5	34	18.1	16	108	16	23
ENSG00000225733	47.5	45	32.5	66	111.5	76	50
ENSG00000232164	146.5	224.5	9	208.5	111.5	25.5	65
ENSG00000223414	0	0.05	0.15	0	112	0.6	0
ENSG00000261069	204	119.5	30	181	113.5	121.5	204.5
ENSG00000254911	241.5	68	29	95.5	127	51.5	65.5
ENSG00000245532	64.5	13	32	699	158	44.5	184.5
ENSG00000242125	200	214	38	107.5	178	98	77
ENSG00000253352	105	160.5	50.5	104.5	187	89.5	74.5
ENSG00000228873	12.5	1	0	0	205	0.1	0
ENSG00000214049	1.8	0.4	5	1.55	229	0.05	0.95
ENSG00000260032	92	89	70	128	247	193	103.5
ENSG00000175061	208.5	293	136	212.5	308	236.5	260.5
ENSG00000177410	147.5	111.5	31	65.5	344.5	54.5	133.5
ENSG00000254166	29	0.35	0.5	0.15	456	0	1.65
ENSG00000234741	296	290	105	131	478	189.5	214.5
ENSG00000259001	59.5	102	82.7	203.5	577.25	1297.55	203.8
ENSG00000255717	167.5	299	51.5	69	718	74.5	64.5
ENSG00000251562	502.5	193.5	271	872	764	723	1264
